,TotalCustomerCons,TotalCustomerConsAfterRGen,TotalCustomerConsAfterTGen1,TotalCustomerConsAfterBattery,TotalCustomerConsAfterTGen2,Curtailement,Loss of load
0,30099983.62147406,17438587.288622648,2767357.2886226475,3926675.770322586,0,0.0,0.0
1,30392489.53594176,17726874.21063659,3055644.2106365897,4161853.3321285886,0,0.0,0.0
2,29199965.423111916,16735790.187025927,2064560.187025927,3353350.7382913036,0,0.0,0.0
3,28143569.062784344,15793839.525277402,1122609.5252774023,2584929.9635159,0,0.0,0.0
4,26911669.15377616,14749399.007628767,78169.00762876682,1732900.4206005703,0,0.0,0.0
5,26834605.095541403,14924448.994636226,253218.99463622645,1875702.0046994714,0,0.0,0.0
6,28036129.39035487,16539988.554569775,1868758.5545697752,3193620.459175672,0,0.0,0.0
7,27695810.00909918,16319256.44745151,1648026.4474515095,3013552.4963221066,0,0.0,0.0
8,28835458.052775245,18275697.489564963,3604467.4895649627,4609570.209810985,0,0.0,0.0
9,31938270.79162875,22117650.87772772,7446420.877727721,7743743.706438541,0,0.0,0.0
10,34976394.72247498,25278955.520486124,10607725.520486124,10322660.269202234,0,0.0,0.0
11,37600510.282074615,28145441.750470486,13474211.750470486,12661071.036533546,0,0.0,0.0
12,39271731.574158326,30323044.328389905,15651814.328389905,14437507.030507604,0,0.0,0.0
13,39333045.31392176,32022626.092915744,17351396.092915744,15823985.101308888,0,0.0,0.0
14,38979788.17106461,31661608.3279101,16990378.3279101,15529475.460879996,0,0.0,0.0
15,39239105.9144677,31823365.78411628,17152135.78411628,15661433.31692409,0,0.0,0.0
16,42566360.69153776,33840223.22160439,19168993.221604392,17306737.277801715,0,0.0,0.0
17,44350646.769790724,33731552.80029027,19060322.80029027,17218086.552522372,0,0.0,0.0
18,42782365.05914467,32386208.652666777,17714978.652666777,16120587.03982242,0,0.0,0.0
19,40696572.88444039,29612282.18248148,14941052.182481479,14744799.057664527,0,0.0,0.0
20,38023518.83530483,26145354.95203815,11474124.95203815,11474124.95203815,0,0.0,0.0
21,35374090.26387625,23800815.929866105,9129585.929866105,9129585.929866105,0,0.0,0.0
22,32182400.72793448,20699922.808653343,6028692.8086533435,6587195.12539427,0,0.0,0.0
23,30155672.247497726,18685980.997548416,4014750.9975484163,4944269.662643244,0,0.0,0.0
24,29898042.038216557,19068970.94703182,4397740.947031818,6239164.318805474,0,0.0,0.0
25,30076358.143767055,19704235.266482294,5033005.266482294,6776375.293332782,0,0.0,0.0
26,29571785.441310275,19931830.48820933,5260600.48820933,6968841.086103113,0,0.0,0.0
27,29544222.383985437,21075322.23734738,6404092.237347379,7935834.348765457,0,0.0,0.0
28,29338343.221110094,21434660.195865497,6763430.195865497,8239708.325265753,0,0.0,0.0
29,30153422.202001818,22744811.698399916,8073581.698399916,9347637.330413982,0,0.0,0.0
30,33568428.75341219,25904123.80557635,11232893.80557635,12019308.135725904,0,0.0,0.0
31,38355963.057324834,30896834.09644341,16225604.096443411,16241391.2572986,0,0.0,0.0
32,42034787.44313012,33931833.78374612,19260603.783746123,18744491.697841756,0,0.0,0.0
33,45198913.92174705,36106478.872906126,21435248.872906126,20536432.79540397,0,0.0,0.0
34,46743007.643312104,37914122.448825695,23242892.448825695,22025958.985025007,0,0.0,0.0
35,47492272.79344858,38160322.26820609,23489092.26820609,22228831.4338486,0,0.0,0.0
36,48156036.21474066,37173680.568816856,22502450.568816856,21415823.454515718,0,0.0,0.0
37,47961969.79071882,36296265.02650531,21625035.026505306,20692819.51343804,0,0.0,0.0
38,47223954.86806187,35005862.48512737,20334632.485127367,19629507.914768357,0,0.0,0.0
39,47569336.85168334,35288397.21210228,20617167.21210228,19862320.887919046,0,0.0,0.0
40,50191202.365787074,39652251.64676229,24981021.64676229,23458204.25492261,0,0.0,0.0
41,51889986.71519562,41043934.81129536,26372704.81129536,24604972.649334755,0,0.0,0.0
42,50712087.89808916,40150377.936215736,25479147.936215736,24275301.131300565,0,0.0,0.0
43,47870280.436760694,36864597.11572985,22193367.115729854,22193367.115729854,0,0.0,0.0
44,44188643.49408553,32677207.24762946,18005977.24762946,18005977.24762946,0,0.0,0.0
45,39630051.31938126,27750579.72368767,13079349.723687671,13580762.71899033,0,0.0,0.0
46,34717639.49044587,23391730.056825243,8720500.056825243,9894703.537547896,0,0.0,0.0
47,30991564.149226576,19844243.67416815,5173013.674168151,6894773.337787725,0,0.0,0.0
48,30348613.648771603,19179504.29000374,4508274.290003739,6090142.83246548,0,0.0,0.0
49,29950355.59599636,18670571.416991845,3999341.416991845,5667014.758587411,0,0.0,0.0
50,29747288.989990897,18239043.86237473,3567813.8623747304,5308241.661597496,0,0.0,0.0
51,29314155.23202911,17937318.41629178,3266088.416291781,5057386.364934246,0,0.0,0.0
52,29122338.85350318,17380495.186905444,2709265.1869054437,4594442.128012647,0,0.0,0.0
53,29759664.240218375,17722587.95611223,3051357.9561122283,4762224.74343756,0,0.0,0.0
54,33400800.363967244,21679987.862342224,7008757.8623422235,7008757.8623422235,0,0.0,0.0
55,38970787.989080966,27334779.33966909,12663549.33966909,12663549.33966909,0,0.0,0.0
56,42401544.858962685,30117245.022812515,15446015.022812515,15153107.439639814,0,0.0,0.0
57,44673528.29845314,31999927.322083212,17328697.322083212,16681266.217074139,0,0.0,0.0
58,45530233.12101911,32831491.484382614,18160261.484382614,17356240.467434898,0,0.0,0.0
59,45913303.36669699,33027049.5123258,18355819.5123258,17514973.41829702,0,0.0,0.0
60,46371187.62511374,33552239.364472166,18881009.364472166,17941265.991764035,0,0.0,0.0
61,45954929.208371244,32975510.16616878,18304280.16616878,17473139.326457098,0,0.0,0.0
62,45908240.7643312,32879304.21144557,18208074.21144557,17395049.69114865,0,0.0,0.0
63,46439814.01273885,33711194.655507796,19039964.655507796,18070288.781912874,0,0.0,0.0
64,49580315.01364877,36750789.72478442,22079559.72478442,20537504.7783455,0,0.0,0.0
65,51840485.71428571,39125679.815740064,24454449.815740064,22465184.843825255,0,0.0,0.0
66,50830215.2866242,38218162.09117721,23546932.09117721,21728559.669729132,0,0.0,0.0
67,48743860.60054595,36312188.16422193,21640958.164221928,20181495.25680827,0,0.0,0.0
68,45367104.82256596,32880952.54539132,18209722.54539132,17396387.631165575,0,0.0,0.0
69,41017766.87898088,28630759.82559792,13959529.82559792,13949264.889560256,0,0.0,0.0
70,36517675.88717015,24515464.2993236,9844234.2993236,10526473.438645734,0,0.0,0.0
71,33588116.65150136,22101897.160799403,7430667.160799403,8519827.633953769,0,0.0,0.0
72,33849684.44040038,23174204.809481658,8502974.809481658,10472811.122677876,0,0.0,0.0
73,33350736.85168335,23091415.76835175,8420185.768351749,10404299.897773342,0,0.0,0.0
74,32659972.884440407,23489671.435607165,8818441.435607165,10733872.305140972,0,0.0,0.0
75,32261152.32029117,24079517.165978964,9408287.165978964,11221993.111239836,0,0.0,0.0
76,32067648.40764331,25467351.64283898,10796121.642838981,12370481.349257074,0,0.0,0.0
77,33396300.27297543,27107234.08028362,12436004.08028362,13727549.301191363,0,0.0,0.0
78,37057124.29481347,31274718.021820232,16603488.021820232,17176308.04640541,0,0.0,0.0
79,42821178.343949035,37975209.98853149,23303979.988531493,22634083.570887722,0,0.0,0.0
80,45603922.11101,40818134.60406788,26146904.604067877,24913416.337688353,0,0.0,0.0
81,46918511.19199272,41772842.74738946,27101612.747389458,25678859.621661507,0,0.0,0.0
82,47076014.376706116,42102188.80394761,27430958.803947613,25942914.902701017,0,0.0,0.0
83,47603087.53412194,41794331.63054064,27123101.63054064,25696088.46945465,0,0.0,0.0
84,47826967.06096452,39230037.10565367,24558807.105653673,23640149.13769731,0,0.0,0.0
85,47765090.80982712,37826398.45234977,23155168.452349767,22514772.98184032,0,0.0,0.0
86,47172766.33303003,37101126.45418325,22429896.45418325,21933281.5763948,0,0.0,0.0
87,47504085.53230209,37165241.413757324,22494011.413757324,21984686.15019203,0,0.0,0.0
88,50482020.74613285,39670167.74127083,24998937.741270833,23993026.65472767,0,0.0,0.0
89,52701128.116469525,41645244.07941596,26974014.079415962,25576556.583683398,0,0.0,0.0
90,51815172.70245677,40935156.69294445,26263926.692944452,25007239.536572423,0,0.0,0.0
91,49737818.198362134,39181717.21648799,24510487.21648799,24080377.588187963,0,0.0,0.0
92,46431938.853503175,36153336.01313911,21482106.013139106,21482106.013139106,0,0.0,0.0
93,42287917.56141947,32228158.659602135,17556928.659602135,17965318.102285877,0,0.0,0.0
94,37927891.901728846,29193390.9296193,14522160.929619301,15453927.081877382,0,0.0,0.0
95,34635512.82984532,26984455.18751204,12313225.18751204,13625944.883246671,0,0.0,0.0
96,34637200.36396725,28211251.62420688,13540021.624206878,15306086.737513063,0,0.0,0.0
97,34151753.048225656,28852961.03635896,14181731.03635896,15845448.79385677,0,0.0,0.0
98,33147670.24567788,28569020.397055052,13897790.397055052,15606794.34342429,0,0.0,0.0
99,32367466.9699727,27919927.246200733,13248697.246200733,15061226.193770237,0,0.0,0.0
100,31892707.37033667,28122055.430702373,13450825.430702373,15231116.600819448,0,0.0,0.0
101,33032355.414012726,29242516.317403212,14571286.317403212,16172873.222211244,0,0.0,0.0
102,36983997.81619653,32903045.902306866,18231815.902306866,19020434.271962482,0,0.0,0.0
103,43062495.72338489,38825310.273549095,24154080.273549095,24154080.273549095,0,0.0,0.0
104,46433626.38762511,42997569.90463556,28326339.904635563,27655194.08208096,0,0.0,0.0
105,48423791.628753416,45238822.069286175,30567592.069286175,29491374.138059698,0,0.0,0.0
106,49402561.41947224,45709275.30595701,31038045.305957012,29876800.135218892,0,0.0,0.0
107,50118075.88717015,46234200.1894576,31562970.189457603,30306852.860732257,0,0.0,0.0
108,50219327.93448589,46326892.999176994,31655662.999176994,30382792.860355604,0,0.0,0.0
109,49337310.10009098,45170901.716445744,30499671.716445744,29435729.35196752,0,0.0,0.0
110,48768048.58962693,44346879.41689598,29675649.41689598,28760636.50164967,0,0.0,0.0
111,48611670.42766151,43946864.987751186,29275634.987751186,28432918.57303635,0,0.0,0.0
112,50975343.2211101,45985894.98596077,31314664.985960767,30103425.031571552,0,0.0,0.0
113,52976196.17834395,47827114.74903803,33155884.749038033,31611872.434750494,0,0.0,0.0
114,52121178.889899895,46667732.62850715,31996502.628507152,30662030.93072276,0,0.0,0.0
115,50069137.39763421,44535386.70132825,29864156.701328248,28915073.97260476,0,0.0,0.0
116,46873510.28207462,41921223.91178501,27249993.911785007,26773381.19347503,0,0.0,0.0
117,42816678.252957225,38347926.60714673,23676696.607146733,23826045.70920807,0,0.0,0.0
118,38543279.34485896,34246974.002673745,19575744.002673745,20379161.203807637,0,0.0,0.0
119,34864454.95905369,30690517.694840282,16019287.694840282,17389930.328953333,0,0.0,0.0
120,33762495.17743403,29580697.286375187,14909467.286375187,15354873.852868436,0,0.0,0.0
121,33117857.14285714,28502308.123338398,13831078.123338398,14603259.11400991,0,0.0,0.0
122,32124462.056414925,27269726.18680932,12598496.18680932,13744175.230287282,0,0.0,0.0
123,31808330.664240215,26404447.136110052,11733217.136110052,13141093.79176499,0,0.0,0.0
124,30920125.204731572,24748639.408678,10077409.408677999,11987030.365210224,0,0.0,0.0
125,30710870.973612368,23671011.531154126,8999781.531154126,11235946.226464897,0,0.0,0.0
126,32477156.68789809,25293819.115953587,10622589.115953587,12367009.242372701,0,0.0,0.0
127,34075251.50136487,26742973.78544841,12071743.78544841,13377039.800738765,0,0.0,0.0
128,37513039.7634213,29469543.173962608,14798313.173962608,15276531.700310977,0,0.0,0.0
129,41157832.21110101,32394528.252754852,17723298.252754852,17304783.10794117,0,0.0,0.0
130,43099621.47406732,34081408.390576564,19410178.390576564,18466362.058564734,0,0.0,0.0
131,43592943.94904458,34462072.386360645,19790842.386360645,18728485.771358017,0,0.0,0.0
132,43600256.596906275,34858131.69848328,20186901.69848328,19001210.637722354,0,0.0,0.0
133,43223936.48771609,33281892.479967616,18610662.479967616,17915818.58388063,0,0.0,0.0
134,42503921.92902638,32269159.13449245,17597929.13449245,17218454.4319631,0,0.0,0.0
135,42675487.89808918,32366868.23847426,17695638.23847426,17285736.53216976,0,0.0,0.0
136,46163058.41674249,36032416.66468274,21361186.66468274,19809818.59283907,0,0.0,0.0
137,48821487.170154676,38706724.43858997,24035494.438589968,21651336.284588642,0,0.0,0.0
138,48041846.40582346,37964307.74008363,23293077.740083627,21140111.100154378,0,0.0,0.0
139,45934116.28753411,36038788.52197415,21367558.521974146,19814206.22841562,0,0.0,0.0
140,43250374.522292994,33893785.33255176,19222555.332551762,18337165.567381516,0,0.0,0.0
141,40171749.77252047,31539653.566842645,16868423.566842645,16721985.435348712,0,0.0,0.0
142,37020561.05550501,28651538.75651181,13980308.756511811,14707269.750639888,0,0.0,0.0
143,34033063.14831665,25764948.615765776,11093718.615765776,12695376.670484373,0,0.0,0.0
144,33159482.984531395,25105949.541290354,10434719.541290354,11697270.696713995,0,0.0,0.0
145,33357486.98817106,25449389.380845785,10778159.380845785,11977488.45459189,0,0.0,0.0
146,32666723.02092811,24921819.161479533,10250589.161479533,11547035.935788812,0,0.0,0.0
147,31907895.177434027,27376896.331436653,12705666.331436653,13550170.51933952,0,0.0,0.0
148,31079315.923566878,23232910.253584415,8561680.253584415,10169029.62166115,0,0.0,0.0
149,30913937.579617828,22977407.001956794,8306177.001956794,9960560.655468179,0,0.0,0.0
150,32012522.292993624,23985435.426864475,9314205.426864475,10783026.288664544,0,0.0,0.0
151,33253984.89535941,25481795.511289284,10810565.511289284,12003929.106399002,0,0.0,0.0
152,34758140.30937215,27208898.998556785,12537668.998556785,13413098.955335762,0,0.0,0.0
153,39101853.13921747,31581478.430058576,16910248.430058576,16954138.254553072,0,0.0,0.0
154,42236166.51501364,34789710.396379605,20118480.396379605,19551443.38465777,0,0.0,0.0
155,43884324.84076433,36701464.28620656,22030234.28620656,21079512.756287195,0,0.0,0.0
156,44849594.35850772,37445303.032309726,22774073.032309726,21674064.81207214,0,0.0,0.0
157,44048578.16196542,36565404.85590353,21894174.85590353,20970760.134271495,0,0.0,0.0
158,44395647.67970882,36873671.63239218,22202441.632392183,21217158.492318437,0,0.0,0.0
159,44924408.37124658,36944276.31084639,22273046.31084639,21273592.977538384,0,0.0,0.0
160,48944114.64968152,40600768.5063097,25929538.506309703,24196235.77231532,0,0.0,0.0
161,51955238.03457687,43028189.62744348,28356959.627443478,26136479.1723623,0,0.0,0.0
162,50613648.40764332,41648158.432873756,26976928.432873756,25033416.999173228,0,0.0,0.0
163,48119472.9754322,39375539.38445975,24704309.38445975,23216907.25922057,0,0.0,0.0
164,44971096.81528662,36197183.03568215,21525953.03568215,20676439.569035508,0,0.0,0.0
165,40985703.73066424,32033220.818556756,17361990.818556756,17352131.697353315,0,0.0,0.0
166,36685866.78798908,27553897.044116333,12882667.044116333,13694588.07705238,0,0.0,0.0
167,33158920.473157417,23885418.59491352,9214188.59491352,10701421.043228764,0,0.0,0.0
168,33501489.899909012,24125472.456911758,9454242.456911758,11091017.843516506,0,0.0,0.0
169,33684306.09645131,23912967.58007265,9241737.580072649,10907721.699103896,0,0.0,0.0
170,32850101.728844408,22831632.955741394,8160402.955741394,9975016.198844535,0,0.0,0.0
171,32407967.788899,22190389.293801315,7519159.293801315,9421911.288449328,0,0.0,0.0
172,32236401.819836207,21932661.586158656,7261431.586158656,9199608.177942522,0,0.0,0.0
173,33370424.74977252,22944169.818830702,8272939.818830702,10072084.90340973,0,0.0,0.0
174,38866723.38489536,28523387.132833935,13852157.132833935,14565544.524590509,0,0.0,0.0
175,46355437.30664239,35921654.830763645,21250424.830763645,21250424.830763645,0,0.0,0.0
176,48915989.08098272,38732388.49719842,24061158.497198418,23644172.803405564,0,0.0,0.0
177,50762713.921747044,40102782.261136174,25431552.261136174,24802836.45237882,0,0.0,0.0
178,51825297.907188356,41349771.4344503,26678541.4344503,25857161.90525497,0,0.0,0.0
179,52763566.87898088,42442022.66073625,27770792.660736248,26780656.907018173,0,0.0,0.0
180,53181512.82984532,43207719.98347944,28536489.98347944,27428051.602853198,0,0.0,0.0
181,52823755.59599634,43512136.194131106,28840906.194131106,27685434.55855694,0,0.0,0.0
182,51864111.19199273,42918379.891123384,28247149.891123384,27183415.458100017,0,0.0,0.0
183,52630251.68334849,47201340.321891814,32530110.321891814,30804645.130703546,0,0.0,0.0
184,54501727.02456779,44876413.77666578,30205183.776665777,28838926.9952489,0,0.0,0.0
185,54905610.1910828,44987481.714949496,30316251.714949496,28932834.590308268,0,0.0,0.0
186,54421850.409463145,44450218.945541486,29778988.945541486,28478580.596134357,0,0.0,0.0
187,52941882.98453138,43538410.360239625,28867180.360239625,27707649.283972465,0,0.0,0.0
188,49349685.350318454,40271270.33625969,25600040.336259693,24945292.593867783,0,0.0,0.0
189,44393960.14558689,35516184.32630336,20844954.326303363,20916079.737767443,0,0.0,0.0
190,39254856.23293903,30711634.412728593,16040404.412728593,16771913.787811633,0,0.0,0.0
191,35714972.15650592,27728537.127195567,13057307.127195567,14198842.341268284,0,0.0,0.0
192,35615970.15468608,27961074.106406316,13289844.106406316,14978595.922651565,0,0.0,0.0
193,35518093.175614186,28003847.617339585,13332617.617339585,15015085.42402277,0,0.0,0.0
194,34757577.79799817,27438097.147479285,12766867.147479285,14532451.380304925,0,0.0,0.0
195,34395320.47315741,27353341.366553098,12682111.366553098,14460147.374464735,0,0.0,0.0
196,34043750.86442219,27618726.42500937,12947496.42500937,14686543.764266552,0,0.0,0.0
197,35104084.8043676,28355251.885199733,13684021.885199733,15314863.633343458,0,0.0,0.0
198,39795992.17470427,33134347.07929139,18463117.07929139,19391844.849826664,0,0.0,0.0
199,47022575.79617833,40501695.71625373,25830465.716253728,25657194.564726587,0,0.0,0.0
200,49757506.09645133,42975109.26096397,28303879.26096397,27720822.659505416,0,0.0,0.0
201,50894904.09463148,46757687.66015489,32086457.660154887,30876718.313092254,0,0.0,0.0
202,51605918.47133758,44784230.78123108,30113000.781231083,29230216.025639646,0,0.0,0.0
203,52175742.49317561,45608007.02842866,30936777.02842866,29917512.25685985,0,0.0,0.0
204,52244368.880800724,45759609.54543458,31088379.54543458,30043997.863766022,0,0.0,0.0
205,52180242.58416742,45878835.24481072,31207605.244810723,30143470.717134386,0,0.0,0.0
206,51781984.53139217,45133926.009404786,30462696.009404786,29521975.120681662,0,0.0,0.0
207,52276432.029117376,45738463.1728829,31067233.1728829,30026354.939236227,0,0.0,0.0
208,53457143.40309372,46891511.689488545,32220281.689488545,30988370.902397454,0,0.0,0.0
209,54363349.2265696,47978714.26159868,33307484.261598676,31895450.018754885,0,0.0,0.0
210,53909402.5477707,47752783.73814819,33081553.73814819,31706950.77783434,0,0.0,0.0
211,52935132.84804367,46570170.72448236,31898940.724482358,30729757.063865572,0,0.0,0.0
212,49771006.36942676,42874281.79288191,28203051.792881913,28191388.680448942,0,0.0,0.0
213,44725279.34485897,37684912.16823738,23013682.16823738,23273870.136737354,0,0.0,0.0
214,39601925.75068243,33210674.211864606,18539444.211864606,19456958.490206495,0,0.0,0.0
215,36318546.86078252,30038644.386307254,15367414.386307254,16750942.917863443,0,0.0,0.0
216,35941664.240218386,29891851.776656885,15220621.776656885,17033905.475593604,0,0.0,0.0
217,35608657.50682438,29564657.51850305,14893427.518503051,16752404.856662367,0,0.0,0.0
218,34951644.222020015,29522972.23408639,14851742.23408639,16716541.044657158,0,0.0,0.0
219,34240629.84531392,29332334.290285423,14661104.290285423,16552526.249670988,0,0.0,0.0
220,33790058.23475887,29390053.46345096,14718823.46345096,16602184.770764772,0,0.0,0.0
221,35024208.18926297,30802778.323130235,16131548.323130235,17817618.45417703,0,0.0,0.0
222,39826930.30027297,35856914.307724625,21185684.307724625,21401227.78391356,0,0.0,0.0
223,47505210.555050045,43391073.833744235,28719843.833744235,28637884.727731787,0,0.0,0.0
224,49706317.561419465,45746262.37036899,31075032.370368987,30618415.73790323,0,0.0,0.0
225,51003468.78980893,47410070.50847121,32738840.508471213,32017549.421361756,0,0.0,0.0
226,51719545.76888079,48449038.548362285,33777808.548362285,32891241.01317388,0,0.0,0.0
227,51857361.055505,49224928.85156245,34553698.85156245,33543704.619412996,0,0.0,0.0
228,52003614.01273884,49733886.44714353,35062656.44714353,33971698.50832484,0,0.0,0.0
229,50895466.60600546,48840595.5455567,34169365.5455567,33220510.09848646,0,0.0,0.0
230,50433082.25659689,48566625.12185547,33895395.12185547,32990122.207422893,0,0.0,0.0
231,50750901.18289354,48932275.410522126,34261045.410522126,33297605.758875754,0,0.0,0.0
232,52781567.24294813,50856699.51121798,36185469.51121798,34915897.26670196,0,0.0,0.0
233,54359411.64695179,52417357.61104118,37746127.61104118,36228289.76306013,0,0.0,0.0
234,54221596.36032759,52322139.01412225,37650909.01412225,36148218.30338275,0,0.0,0.0
235,53331140.855323024,51541943.4122366,36870713.4122366,35492134.27465,0,0.0,0.0
236,50128763.6032757,48530375.88992284,33859145.88992284,32959639.413021915,0,0.0,0.0
237,45160100.636942655,43765654.9521807,29094424.9521807,28952878.414798263,0,0.0,0.0
238,39763366.51501364,38314458.13283592,23643228.132835917,24280270.114314757,0,0.0,0.0
239,36472674.97725205,34996801.60137608,20325571.60137608,21425934.06246357,0,0.0,0.0
240,36239232.75705186,34809666.4367502,20138436.436750203,21615604.74812755,0,0.0,0.0
241,35582781.98362148,34110142.03526338,19438912.035263382,21020235.229723364,0,0.0,0.0
242,34609637.30664241,33043149.730941202,18371919.730941202,20112111.520221524,0,0.0,0.0
243,33928436.03275705,32387781.890516184,17716551.890516184,19554323.922387768,0,0.0,0.0
244,33488552.138307553,31923616.525051244,17252386.525051244,19159269.926402234,0,0.0,0.0
245,34633262.7843494,33093523.97258262,18422293.97258262,20154985.3469562,0,0.0,0.0
246,39610925.93266605,38071034.95575249,23399804.955752492,24391375.5437851,0,0.0,0.0
247,47264455.68698816,45763555.08477659,31092325.084776588,30921629.768589757,0,0.0,0.0
248,49964510.2820746,48483893.038235985,33812663.038235985,33192448.155290518,0,0.0,0.0
249,51564855.14103731,50321172.1915981,35649942.1915981,34726127.92388365,0,0.0,0.0
250,51985613.648771614,50645991.84533614,35974761.84533614,34997273.07374713,0,0.0,0.0
251,52469935.941765234,51250627.343701415,36579397.343701415,35501996.17449049,0,0.0,0.0
252,52528437.12465877,51466189.65295447,36794959.65295447,35681938.10218699,0,0.0,0.0
253,52152117.015468605,51014950.3354864,36343720.3354864,35305263.38145766,0,0.0,0.0
254,51761171.61055504,50731696.173768744,36060466.173768744,35068815.2748097,0,0.0,0.0
255,51533354.504094616,50388862.07472739,35717632.07472739,34782632.458920576,0,0.0,0.0
256,53546020.200181976,52268556.20042379,37597326.20042379,36351718.379505076,0,0.0,0.0
257,54505664.60418561,53101708.23157714,38430478.23157714,37047197.023566276,0,0.0,0.0
258,54107969.06278435,52677995.45508577,38006765.45508577,36693500.2476517,0,0.0,0.0
259,53264764.513193816,51932528.445745856,37261298.445745856,36074421.75115172,0,0.0,0.0
260,50362768.334849864,49141952.317796096,34470722.317796096,34442491.54264988,0,0.0,0.0
261,45508295.17743402,44215742.83963713,29544512.83963713,29621174.19810939,0,0.0,0.0
262,40285939.58143768,38912443.10645172,24241213.10645172,25107503.19336874,0,0.0,0.0
263,35686284.07643312,34225578.84009195,19554348.84009195,21118484.203956194,0,0.0,0.0
264,35383090.44585987,33933954.95781367,19262724.957813673,20312821.98057896,0,0.0,0.0
265,35770660.78252957,34263955.59024837,19592725.59024837,20579288.424834196,0,0.0,0.0
266,35070896.633302994,33340179.27254396,18668949.27254396,19833364.42811397,0,0.0,0.0
267,34201816.56050955,32175908.55656069,17504678.55656069,18893247.81212548,0,0.0,0.0
268,33532428.025477704,31089059.40230987,16417829.402309868,18015646.980156355,0,0.0,0.0
269,34508385.25932666,32002546.938076988,17331316.938076988,18753263.068136163,0,0.0,0.0
270,39237980.891719736,36174379.88397908,21503149.883979082,22121903.55503395,0,0.0,0.0
271,46272748.13466789,42980221.19837622,28308991.198376223,27566614.183579043,0,0.0,0.0
272,48255038.2165605,44709092.3745508,30037862.374550797,28938157.424789555,0,0.0,0.0
273,49376685.89626932,45156921.96005754,30485691.96005754,29293428.337787807,0,0.0,0.0
274,49696754.86806186,45320496.63680737,30649266.636807367,29423194.942391522,0,0.0,0.0
275,49756381.07370337,45208843.15097501,30537613.15097501,29334618.311604146,0,0.0,0.0
276,49926259.5086442,44949402.94161016,30278172.941610157,29128799.93105832,0,0.0,0.0
277,49702942.4931756,44549081.85237947,29877851.85237947,28811218.32531759,0,0.0,0.0
278,48734860.41856233,43223685.11590586,28552455.11590586,27759758.297014534,0,0.0,0.0
279,48546700.36396724,42901185.58430949,28229955.58430949,27503913.871501416,0,0.0,0.0
280,50959030.39126479,45027885.46143156,30356655.461431563,29191061.463957716,0,0.0,0.0
281,52990258.962693356,46815238.743809685,32144008.743809685,31772511.474511553,0,0.0,0.0
282,51214410.55505004,44378704.14468712,29707474.144687124,29707474.144687124,0,0.0,0.0
283,48953114.83166514,41873172.504708365,27201942.504708365,27201942.504708365,0,0.0,0.0
284,45686611.282984525,38549415.1911549,23878185.191154897,24039679.31386988,0,0.0,0.0
285,41544277.52502275,34361016.56949153,19689786.569491528,20657662.498920172,0,0.0,0.0
286,37263003.45768882,29810719.519248653,15139489.519248653,16983422.64568819,0,0.0,0.0
287,33475051.86533211,26022743.017000854,11351513.017000854,13924735.69097118,0,0.0,0.0
288,32659972.884440407,24807789.02639777,10136559.026397768,11339348.709464164,0,0.0,0.0
289,32778100.272975422,24284509.45816743,9613279.45816743,10924801.577144861,0,0.0,0.0
290,32033335.21383075,23793566.979234632,9122336.979234632,10535872.199558811,0,0.0,0.0
291,31026439.854413103,22996089.132817566,8324859.132817566,9904102.540677631,0,0.0,0.0
292,30203485.714285713,22550025.999654867,7878795.999654867,9550727.014644165,0,0.0,0.0
293,30143859.508644227,22173378.537177693,7502148.537177693,8551288.739406798,0,0.0,0.0
294,31942208.371246587,23368733.80154252,8697503.80154252,8697503.80154252,0,0.0,0.0
295,34063438.762511365,25063384.463587083,10392154.463587083,10392154.463587083,0,0.0,0.0
296,37971767.78889899,28343316.05029904,13672086.050299041,13672086.050299041,0,0.0,0.0
297,41769844.58598725,31815936.075803477,17144706.075803477,16869887.614912175,0,0.0,0.0
298,43262749.77252048,32881500.25530176,18210270.25530176,17695415.898541953,0,0.0,0.0
299,43911325.38671519,33950248.97893222,19279018.978932217,18523411.355245087,0,0.0,0.0
300,43882074.79526842,34340744.21819927,19669514.218199268,18825941.105062224,0,0.0,0.0
301,44039577.97998181,34549020.55929202,19877790.55929202,18987299.76715984,0,0.0,0.0
302,43515879.89080981,34413917.924250424,19742687.924250424,18882631.2276522,0,0.0,0.0
303,43904575.25022747,35131631.90995212,20460401.90995212,19438668.307495087,0,0.0,0.0
304,46751445.31392175,37864914.61120671,23193684.61120671,21556234.02568963,0,0.0,0.0
305,49210745.0409463,40508832.9361346,25837602.9361346,23604566.166380346,0,0.0,0.0
306,48391728.48043676,39493938.00875271,24822708.00875271,22818293.05061117,0,0.0,0.0
307,46129307.73430391,37517344.708078,22846114.708077997,21286959.972477455,0,0.0,0.0
308,43254312.10191082,34649162.23766545,19977932.237665452,19064882.88177463,0,0.0,0.0
309,40006371.42857144,31778771.15308186,17107541.15308186,16841094.703648906,0,0.0,0.0
310,36686429.299363054,28688499.952241134,14017269.952241134,14413685.418441916,0,0.0,0.0
311,33939686.260236576,26448032.099583387,11776802.099583387,12638765.1277188,0,0.0,0.0
312,33640992.720655136,26697184.713528328,12025954.713528328,12776901.987825636,0,0.0,0.0
313,33316423.657870784,26416579.754336502,11745349.754336502,12552400.216956438,0,0.0,0.0
314,32593596.54231119,25903882.209996164,11232652.209996164,12142209.652412595,0,0.0,0.0
315,31638452.22929936,27597260.61414215,12926030.61414215,13497019.815345429,0,0.0,0.0
316,30912250.0454959,23848737.779395677,9177507.779395677,10497963.715382012,0,0.0,0.0
317,30774434.758871704,23527401.93157874,8856171.93157874,10240874.649363969,0,0.0,0.0
318,31333571.064604186,24025289.711072166,9354059.711072166,10639216.462396566,0,0.0,0.0
319,32076648.589626927,24681316.921647266,10010086.921647266,11164079.853751708,0,0.0,0.0
320,34910580.89171974,26716703.31717381,12045473.317173809,12792518.109136986,0,0.0,0.0
321,39083290.26387625,30698743.664814092,16027513.664814092,15975914.991576249,0,0.0,0.0
322,42064600.54595086,33625409.66268563,18954179.662685633,18287439.321221124,0,0.0,0.0
323,43470878.98089172,35218185.37486366,20546955.37486366,19545437.26599672,0,0.0,0.0
324,44110454.41310282,36032928.4694186,21361698.4694186,20188933.47869865,0,0.0,0.0
325,44039577.97998181,35777135.01235842,21105905.01235842,19986904.002226595,0,0.0,0.0
326,43360626.75159236,35298229.7647274,20626999.7647274,19608657.515507985,0,0.0,0.0
327,44032265.332120106,36035899.69340317,21364669.69340317,20191280.195588857,0,0.0,0.0
328,47020325.75068243,41772965.008903995,27101735.008903995,24722499.701739017,0,0.0,0.0
329,48828799.81801638,39641674.93385658,24970444.933856577,23364759.10843961,0,0.0,0.0
330,47753278.0709736,38269659.610220514,23598429.610220514,23598429.610220514,0,0.0,0.0
331,44927220.92811647,35151425.4050955,20480195.405095503,20480195.405095503,0,0.0,0.0
332,41959973.430391274,31571548.25629974,16900318.25629974,16900318.25629974,0,0.0,0.0
333,37616260.60054594,26734776.89566617,12063546.89566617,12806978.118643466,0,0.0,0.0
334,33192671.155595984,22119351.361199215,7448121.361199215,9114344.856611805,0,0.0,0.0
335,29430595.08644222,18273572.46490349,3602342.4649034888,6037477.736813045,0,0.0,0.0
336,29843478.434940856,19551891.384858906,4880661.384858906,6378119.144287649,0,0.0,0.0
337,30220361.055505008,19839688.636293218,5168458.636293218,6624668.54473219,0,0.0,0.0
338,29633099.181073703,18164998.589051165,3493768.5890511647,5189999.432987013,0,0.0,0.0
339,29233153.59417653,16758778.761528775,2087548.761528775,3985322.6904504234,0,0.0,0.0
340,28762894.085532304,16391589.215144824,1720359.2151448242,3670759.705365316,0,0.0,0.0
341,29984668.789808907,18015700.612626687,3344470.6126266867,3776295.1913815057,0,0.0,0.0
342,35586719.56323931,24094865.102424465,9423635.102424465,9423635.102424465,0,0.0,0.0
343,42834678.61692448,31625896.18354047,16954666.18354047,16695546.506280875,0,0.0,0.0
344,45133100.09099181,33816222.20402607,19144992.204026073,18536834.30824428,0,0.0,0.0
345,46699131.75614195,35312974.88811429,20641744.88811429,19795072.777765192,0,0.0,0.0
346,48069409.46314832,36899922.449738175,22228692.449738175,21129133.168887153,0,0.0,0.0
347,48801799.272065505,37724587.61377759,23053357.613777593,21822384.2616689,0,0.0,0.0
348,48582419.836214736,36651965.22121444,21980735.221214443,20920689.03042589,0,0.0,0.0
349,47176141.40127389,35028068.02265336,20356838.022653364,19555567.091779448,0,0.0,0.0
350,46531503.36669699,33987530.85304454,19316300.85304454,18680844.16013773,0,0.0,0.0
351,46594504.640582345,34035843.949632585,19364613.949632585,18721458.34934549,0,0.0,0.0
352,49075179.79981802,36310697.466333486,21639467.466333486,20633803.814075105,0,0.0,0.0
353,52471623.475887164,39926989.70300509,25255759.70300509,23673823.756970264,0,0.0,0.0
354,51820235.304822564,39444535.42219096,24773305.422190957,23268250.717176326,0,0.0,0.0
355,49807569.608735204,37292914.2860914,22621684.286091402,21459500.00367825,0,0.0,0.0
356,46195121.56505913,34498715.39200323,19827485.39200323,19110569.163326196,0,0.0,0.0
357,41381149.22656961,33881253.69836891,19210023.698368907,18591502.743973482,0,0.0,0.0
358,36427111.55595997,23505315.05897705,8834085.058977049,9764927.849719474,0,0.0,0.0
359,31811705.732484072,18752117.40662678,4080887.4066267796,5692970.853810376,0,0.0,0.0
360,31621014.376706097,18644522.00051038,3973292.0005103797,5647021.413956897,0,0.0,0.0
361,32171713.01182893,19440225.147606265,4768995.147606265,6324690.902349426,0,0.0,0.0
362,31302070.427661505,18251666.034026865,3580436.034026865,5312441.234413187,0,0.0,0.0
363,30533117.379435845,17340459.80669881,2669229.8066988103,4536402.255370313,0,0.0,0.0
364,30154547.224749774,17044002.494091697,2372772.494091697,4283921.068010527,0,0.0,0.0
365,31468011.282984532,18347256.677346993,3676026.6773469932,5393852.075365988,0,0.0,0.0
366,36626803.093721576,23419253.24359127,8748023.243591271,9522207.716479868,0,0.0,0.0
367,44041828.025477715,30654117.936849076,15982887.936849076,15861492.114277037,0,0.0,0.0
368,46213684.44040035,32889667.34720367,18218437.34720367,17723536.817793775,0,0.0,0.0
369,47605337.57961784,33763411.99903432,19092181.999034323,18451300.468926508,0,0.0,0.0
370,47790966.33303003,34007494.82794589,19336264.827945888,18654603.12763272,0,0.0,0.0
371,48089659.87261146,34299379.13005641,19628149.13005641,18897720.822221432,0,0.0,0.0
372,48182474.24931756,34332928.65952377,19661698.65952377,18925665.059714384,0,0.0,0.0
373,47721214.92265695,39341399.06101854,24670169.06101854,23097344.621180423,0,0.0,0.0
374,47610400.18198363,39204057.98875021,24532827.988750212,22982949.826322347,0,0.0,0.0
375,48218474.977252044,34296567.06741628,19625337.06741628,18895378.585310567,0,0.0,0.0
376,51271224.20382166,37416144.4028554,22744914.402855404,21493752.13400521,0,0.0,0.0
377,53627021.83803456,40011992.66285634,25340762.66285634,23655898.710269526,0,0.0,0.0
378,52988008.91719745,39302937.27560165,24631707.275601648,23065308.843535975,0,0.0,0.0
379,51396101.72884439,37730039.73038282,23058809.730382822,21755203.359092798,0,0.0,0.0
380,47577774.52229297,34181262.165988036,19510032.165988036,18799338.265199754,0,0.0,0.0
381,42830741.03730663,29397795.82425346,14726565.824253459,14805167.38494756,0,0.0,0.0
382,37732137.943585075,24403004.74599482,9731774.745994821,10551297.676143676,0,0.0,0.0
383,33506552.502274793,20240956.89396872,5569726.89396872,7006643.053572622,0,0.0,0.0
384,32771350.13648771,19497733.536268257,4826503.536268257,6735324.650635082,0,0.0,0.0
385,33181420.92811646,19807018.666895654,5135788.666895654,6996472.697117183,0,0.0,0.0
386,32645347.588717006,24680728.221772056,10009498.221772056,11111638.941272803,0,0.0,0.0
387,32297153.048225664,18414114.67323661,3742884.6732366085,5820360.039702042,0,0.0,0.0
388,32026585.077343047,17958638.66551832,3287408.665518321,5435774.238911007,0,0.0,0.0
389,33395175.250227477,19217835.534689054,4546605.534689054,6498989.925527614,0,0.0,0.0
390,38257523.56687898,23880511.99406177,9209281.994061772,9599057.648829082,0,0.0,0.0
391,45155600.54595087,30915733.14689681,16244503.14689681,16244503.14689681,0,0.0,0.0
392,47069264.24021838,38606541.75151594,23935311.75151594,22714580.660528924,0,0.0,0.0
393,48878300.818926305,34228369.11035052,19557139.11035052,19117237.3864982,0,0.0,0.0
394,49189932.12010917,34621608.22302084,19950378.223020837,19440343.895307295,0,0.0,0.0
395,49298496.81528661,35084702.340679035,20413472.340679035,19820847.05174687,0,0.0,0.0
396,49128618.380345754,34885832.69095194,20214602.690951943,19657444.99899817,0,0.0,0.0
397,48541356.50591446,40057973.60279104,25386743.60279104,23907155.516715646,0,0.0,0.0
398,48326477.16105551,34343763.50153229,19672533.501532286,19212051.65514433,0,0.0,0.0
399,48577357.233848944,35345780.69944326,20674550.69944326,20035363.142104946,0,0.0,0.0
400,51439977.61601455,38259905.8937071,23588675.893707097,22429765.904732864,0,0.0,0.0
401,54521414.922656946,41643442.037876174,26972212.037876174,25209862.074587535,0,0.0,0.0
402,53727711.37397636,41424943.13312557,26753713.133125573,25030331.56498698,0,0.0,0.0
403,51910237.124658786,40682335.93771491,26011105.937714912,24420165.35670647,0,0.0,0.0
404,48498605.64149226,38713148.823492296,24041918.823492296,22802174.792777702,0,0.0,0.0
405,44076703.73066422,34002695.53158057,19331465.531580567,18931811.77694562,0,0.0,0.0
406,39213792.902638756,29299262.91420476,14628032.914204761,15011345.694364842,0,0.0,0.0
407,35736347.58871701,25991331.971644394,11320101.971644394,12218260.550585179,0,0.0,0.0
408,34556761.23748862,24794607.44812823,10123377.44812823,11646367.201815847,0,0.0,0.0
409,34110127.20655141,23985846.710439816,9314616.710439816,10953230.969608625,0,0.0,0.0
410,33300673.339399453,23045116.613259185,8373886.613259185,10146992.381732315,0,0.0,0.0
411,32585158.87170154,21602271.808970544,6931041.8089705445,8910423.932375057,0,0.0,0.0
412,32326966.151046406,21017910.954402946,6346680.954402946,8409606.24661294,0,0.0,0.0
413,33807496.08735214,24613402.61558487,9942172.615584869,11491068.324120775,0,0.0,0.0
414,38000455.868971795,30859317.696103662,16188087.696103662,16844035.949590433,0,0.0,0.0
415,45247289.899909,40512367.3625249,25841137.362524897,25034451.674111668,0,0.0,0.0
416,47587899.72702456,37881560.978663586,23210330.978663586,22822654.021500885,0,0.0,0.0
417,49351935.395814374,39226022.036766164,24554792.036766164,23952982.665440585,0,0.0,0.0
418,49980260.60054596,40118001.606097385,25446771.606097385,24702896.58146504,0,0.0,0.0
419,50174327.024567805,40664436.90819324,25993206.908193238,25162301.09176784,0,0.0,0.0
420,50001073.52138308,40592911.114636794,25921681.114636794,25102167.216747705,0,0.0,0.0
421,49666379.25386716,40633744.45173006,25962514.451730058,25136497.025161266,0,0.0,0.0
422,49218620.200181976,41131805.96190062,26460575.96190062,25555232.24102849,0,0.0,0.0
423,49344060.23657871,42097555.14821176,27426325.148211762,26367166.48157059,0,0.0,0.0
424,51670044.7679709,44333705.44867967,29662475.44867967,28247164.954966623,0,0.0,0.0
425,53979716.46951774,46245657.62623674,31574427.626236737,29854600.36494841,0,0.0,0.0
426,53337890.99181074,45257363.98101317,30586133.98101317,29023712.323165826,0,0.0,0.0
427,52100928.48043677,43142341.3486619,28471111.3486619,27686324.813373435,0,0.0,0.0
428,48822612.19290264,40237080.58836711,25565850.588367112,25565850.588367112,0,0.0,0.0
429,43610381.80163784,33772571.34615752,19101341.34615752,19340796.19568465,0,0.0,0.0
430,38268773.7943585,28834466.65109858,14163236.65109858,15108667.8008755,0,0.0,0.0
431,35690221.65605095,25599345.569159843,10928115.569159843,12336055.910888992,0,0.0,0.0
432,35187336.4877161,25273328.750725303,10602098.750725303,12183006.70920668,0,0.0,0.0
433,35078209.281164706,25377848.795370683,10706618.795370683,12269296.117420051,0,0.0,0.0
434,34245129.936305724,24715226.15159133,10043996.15159133,11722249.701639188,0,0.0,0.0
435,33588116.65150136,23768936.19105572,9097706.191055719,10941013.901655257,0,0.0,0.0
436,32986229.48134668,23105943.45179482,8434713.451794822,10393661.943332816,0,0.0,0.0
437,34283943.221110106,24238468.048790008,9567238.048790008,11328648.88859664,0,0.0,0.0
438,39235168.334849864,29033656.018553026,14362426.018553026,15158781.304997027,0,0.0,0.0
439,46229434.75887169,35777640.808289886,21106410.808289886,20825853.388495732,0,0.0,0.0
440,48321977.070063695,37936698.66712764,23265468.66712764,22564489.658223793,0,0.0,0.0
441,49443062.23839854,39685094.06310576,25013864.063105762,23972429.53201185,0,0.0,0.0
442,50143388.89899909,40292367.34727614,25621137.347276136,24461451.7938163,0,0.0,0.0
443,49738380.70973612,39313300.68810962,24642070.68810962,23673033.45794792,0,0.0,0.0
444,49390186.16924477,38905891.52154033,24234661.52154033,23344956.861613277,0,0.0,0.0
445,48420979.071883515,38342306.77271664,23671076.77271664,22891115.904383026,0,0.0,0.0
446,47818529.39035486,37989610.97947211,23318380.97947211,22607098.64388887,0,0.0,0.0
447,47682964.14922656,38253071.825213626,23581841.825213626,22819257.192667183,0,0.0,0.0
448,50122575.97816197,40390570.55629088,25719340.55629088,24540532.42627726,0,0.0,0.0
449,53320453.13921748,43931255.839284696,29260025.839284696,27391759.3294874,0,0.0,0.0
450,52382746.6787989,42490098.1551552,27818868.155155197,26231230.43964388,0,0.0,0.0
451,50528709.19017287,40608755.49751606,25937525.49751606,24716231.401073046,0,0.0,0.0
452,47335332.120109186,37538576.309435174,22867346.309435174,22243891.50100425,0,0.0,0.0
453,43189060.78252956,33501635.997585747,18830405.997585747,18976112.905616205,0,0.0,0.0
454,38836347.77070063,29485392.17749504,14814162.17749504,15660391.948433965,0,0.0,0.0
455,35678971.428571425,25968671.552317057,11297441.552317057,12757066.154534746,0,0.0,0.0
456,35543406.18744313,25977336.16303248,11306106.16303248,13242364.92578265,0,0.0,0.0
457,35104647.31574158,26436975.875744563,11765745.875744563,13633841.239148064,0,0.0,0.0
458,34550011.10100091,26912636.062175713,12241406.062175713,14038962.23076136,0,0.0,0.0
459,33505427.479526848,26804075.40226345,12132845.402263451,13946500.840364503,0,0.0,0.0
460,32895102.63876252,28039060.53665723,13367830.536657229,14998340.823078103,0,0.0,0.0
461,33446926.296633296,29761832.56564315,15090602.56564315,16465630.145615209,0,0.0,0.0
462,34686138.85350318,31787564.96626753,17116334.96626753,18018357.58584709,0,0.0,0.0
463,37774888.80800728,35568127.38262378,20896897.382623777,20896897.382623777,0,0.0,0.0
464,41939160.50955414,40316792.891660005,25645562.891660005,25426915.860665295,0,0.0,0.0
465,45534170.70063693,44133918.27480814,29462688.27480814,28593592.119996686,0,0.0,0.0
466,47324644.404003635,45930407.3269312,31259177.3269312,30083954.280124374,0,0.0,0.0
467,48213974.886260234,46785465.82563878,32114235.82563878,30793308.35587751,0,0.0,0.0
468,48068284.44040036,46509828.91746658,31838598.91746658,30564640.768179733,0,0.0,0.0
469,47097952.32029116,45590005.081501536,30918775.081501536,29801557.55457167,0,0.0,0.0
470,46622067.69790719,44786246.97685178,30115016.976851784,29134762.13845136,0,0.0,0.0
471,46313811.46496817,44332573.194451034,29661343.194451034,28758395.671016995,0,0.0,0.0
472,48323102.09281164,45913469.8639248,31242239.8639248,30069903.00943978,0,0.0,0.0
473,51895611.828935415,49015217.28293745,34343987.28293745,32643103.763492312,0,0.0,0.0
474,51250973.79435851,47966448.0200071,33295218.020007104,31773047.79386131,0,0.0,0.0
475,48500293.17561417,44979739.63666766,30308509.63666766,29295283.093539428,0,0.0,0.0
476,45571296.45131938,42013663.278137006,27342433.278137006,26834634.661766745,0,0.0,0.0
477,42244041.674249314,38780251.934309125,24109021.934309125,24146640.878993843,0,0.0,0.0
478,38496590.900818914,34631532.10513451,19960302.10513451,20613165.639597777,0,0.0,0.0
479,35631720.47315742,32171515.936394356,17500285.936394356,18517963.606519885,0,0.0,0.0
480,35740285.16833484,32544200.83065034,17872970.83065034,18422346.494216762,0,0.0,0.0
481,35444404.18562329,32756641.858898927,18085411.858898927,18573120.54890779,0,0.0,0.0
482,34668701.00090992,32245471.03115952,17574241.03115952,18210331.40702953,0,0.0,0.0
483,33878935.031847134,31892648.83976482,17221418.83976482,17959925.763542872,0,0.0,0.0
484,33252297.36123749,31580045.58636849,16908815.58636849,17738064.38199742,0,0.0,0.0
485,32701036.214740667,31217648.903114688,16546418.903114688,17480863.511754878,0,0.0,0.0
486,33624117.379435845,31453820.844710197,16782590.844710197,17648479.915856168,0,0.0,0.0
487,34668701.00090992,31576884.812979694,16905654.812979694,17735821.11183572,0,0.0,0.0
488,36812431.847133756,32745124.638435215,18073894.638435215,18564946.525074445,0,0.0,0.0
489,41299585.07734304,36086995.71339574,21415765.713395737,20920197.34076568,0,0.0,0.0
490,44352334.30391265,38694159.01315294,24022929.013152942,22744263.289838802,0,0.0,0.0
491,46147870.609645136,39760256.31931586,25089026.31931586,23490143.609169573,0,0.0,0.0
492,47234642.58416742,40482387.07267437,25811157.07267437,23995372.460044578,0,0.0,0.0
493,46991075.159235656,39316466.32089491,24645236.320894912,23179652.039756086,0,0.0,0.0
494,46691819.10828026,37184891.79714,22513661.797140002,21688734.01426711,0,0.0,0.0
495,46705881.89262965,35806629.944748074,21135399.944748074,20799969.287842967,0,0.0,0.0
496,48626858.23475887,38170068.59891032,23498838.598910317,23243040.27514019,0,0.0,0.0
497,50033699.18107371,40146160.03246813,25474930.032468133,25474930.032468133,0,0.0,0.0
498,49192744.67697907,39352265.087711096,24681035.087711096,24681035.087711096,0,0.0,0.0
499,46831884.44040036,36553828.07362373,21882598.07362373,21882598.07362373,0,0.0,0.0
500,43634007.27934486,33773519.4446961,19102289.4446961,19294820.862632778,0,0.0,0.0
501,39494486.07825295,30413878.554684434,15742648.554684434,16910410.075936235,0,0.0,0.0
502,35381965.42311192,26308600.388975233,11637370.388975233,13996804.169480912,0,0.0,0.0
503,31637327.20655141,21716298.101593364,7045068.101593364,10737546.56776548,0,0.0,0.0
504,32105336.66969972,21424763.781278998,6753533.781278998,8540887.553943984,0,0.0,0.0
505,32216713.92174704,22058858.445920605,7387628.445920605,9078506.814877367,0,0.0,0.0
506,31595138.853503183,21434463.522319958,6763233.522319958,8549111.511501858,0,0.0,0.0
507,31124879.344858963,22059324.47552516,7388094.475525159,8486466.658855192,0,0.0,0.0
508,30745746.678798903,21189061.783971548,6517831.783971548,6517831.783971548,0,0.0,0.0
509,31951208.553230204,22749647.719393026,8078417.719393026,8078417.719393026,0,0.0,0.0
510,36869808.007279344,27673882.55542348,13002652.55542348,13002652.55542348,0,0.0,0.0
511,44770280.25477706,35402937.03009284,20731707.030092843,20346237.809939586,0,0.0,0.0
512,47184579.07188353,37622873.70060334,22951643.700603344,22182618.57510512,0,0.0,0.0
513,48454729.75432212,39190388.5754679,24519158.5754679,23479301.585729096,0,0.0,0.0
514,48700547.22474976,39235735.10114886,24564505.10114886,23516813.235783726,0,0.0,0.0
515,48932864.422202,38206123.1376372,23534893.137637198,22665095.42306686,0,0.0,0.0
516,48615045.49590537,37917236.46687497,23246006.466874972,22426121.972811423,0,0.0,0.0
517,48114972.8844404,37100900.69956551,22429670.699565507,21750830.951712612,0,0.0,0.0
518,47462459.69062783,36266178.75357707,21594948.75357707,21060330.47652464,0,0.0,0.0
519,47692526.84258418,36978999.91165877,22307769.91165877,21649991.920967218,0,0.0,0.0
520,50412831.84713376,40014327.045665614,25343097.045665614,24160881.730987493,0,0.0,0.0
521,52546437.48862602,42899344.76757842,28228114.767578423,26547432.267343115,0,0.0,0.0
522,51898986.89717925,42921578.82173824,28250348.821738243,26565824.769225314,0,0.0,0.0
523,50669337.03366697,42040068.428146005,27368838.428146005,25836619.854242746,0,0.0,0.0
524,47284706.09645132,38208106.77671349,23536876.77671349,22666736.333230257,0,0.0,0.0
525,42289042.58416743,33295724.952361036,18624494.952361036,18604198.699023966,0,0.0,0.0
526,37029561.23748863,28383577.036915883,13712347.036915883,14440940.413690818,0,0.0,0.0
527,32526095.177434027,23758409.192363854,9087179.192363854,10519476.542541029,0,0.0,0.0
528,32145837.488626026,22661725.799018286,7990495.799018286,9171536.582868852,0,0.0,0.0
529,32167775.432211094,22942044.057081915,8270814.057081915,9387444.65870022,0,0.0,0.0
530,31766142.311191995,21510762.920787193,6839532.920787193,8285036.42369691,0,0.0,0.0
531,31360009.09918107,20999122.796192735,6327892.796192735,7890958.508179053,0,0.0,0.0
532,30574180.709736116,19722958.439829577,5051728.439829577,6908025.064848351,0,0.0,0.0
533,31869081.89262966,20953882.81024872,6282652.810248721,7856113.54879866,0,0.0,0.0
534,36099167.42493175,24752890.913836423,10081660.913836423,10782203.82696817,0,0.0,0.0
535,42700238.39854413,30335293.53802096,15664063.538020961,15034609.59222218,0,0.0,0.0
536,44625152.32029117,31523310.809638716,16852080.809638716,15927460.672317952,0,0.0,0.0
537,45575234.03093721,31961681.227342155,17290451.227342155,16256916.741921697,0,0.0,0.0
538,44958534.057517745,31247957.625645258,16576727.625645258,15720519.751836564,0,0.0,0.0
539,44576120.082609646,30632801.074859206,15961571.074859206,15258200.555037856,0,0.0,0.0
540,44193706.09645131,29903910.896314606,15232680.896314606,14710405.166256553,0,0.0,0.0
541,44717966.69699727,30414780.937342077,15743550.937342077,15094348.126360847,0,0.0,0.0
542,44199331.21019109,30056657.911697786,15385427.911697786,14825201.761326736,0,0.0,0.0
543,44190331.02820745,30131702.218828466,15460472.218828466,14881601.101872874,0,0.0,0.0
544,46701381.80163785,32667405.795001276,17996175.795001276,16787302.080197576,0,0.0,0.0
545,50128763.6032757,36028640.55860588,21357410.55860588,19313428.72905779,0,0.0,0.0
546,48858050.40946315,34759648.018652365,20088418.018652365,18359830.260269653,0,0.0,0.0
547,47149703.366697006,33279952.383990355,18608722.383990355,18448847.91637945,0,0.0,0.0
548,44122829.663330294,30571865.191603314,15900635.191603314,15900635.191603314,0,0.0,0.0
549,39452297.725204736,26195323.77593884,11524093.775938839,11893201.39781414,0,0.0,0.0
550,34641137.94358508,21453096.639112383,6781866.639112383,8240620.423102573,0,0.0,0.0
551,30250736.669699717,16876747.847597934,2205517.8475979343,4715803.06466703,0,0.0,0.0
552,29333280.618744306,16359267.441946853,1688037.441946853,3364292.9159652633,0,0.0,0.0
553,29424407.461328477,16419937.054367304,1748707.0543673038,3414938.8668657374,0,0.0,0.0
554,28888334.121929023,15914345.196677912,1243115.196677912,2992879.46383605,0,0.0,0.0
555,28393886.624203827,15346635.229774985,675405.2297749855,2518964.9296501493,0,0.0,0.0
556,27550119.563239314,14873546.824730247,202316.82473024726,2124038.8508838327,0,0.0,0.0
557,28915897.179253872,16356440.95307014,1685210.9530701395,2264218.5504317763,0,0.0,0.0
558,33811433.66696998,19935418.34981184,5264188.349811841,5264188.349811841,0,0.0,0.0
559,40966578.34394904,26382871.80499495,11711641.804994948,11711641.804994948,0,0.0,0.0
560,42896554.868061885,28150709.20828464,13479479.208284639,13173533.903303945,0,0.0,0.0
561,44137454.95905369,29385670.19588659,14714440.19588659,14178948.14901254,0,0.0,0.0
562,45092599.27206552,30397845.933315895,15726615.933315895,15002987.058572037,0,0.0,0.0
563,44233081.89262966,29761027.825392492,15089797.825392492,14484536.675070724,0,0.0,0.0
564,45608984.7133758,31266031.28876824,16594801.28876824,15709799.608158987,0,0.0,0.0
565,45608422.20200182,30683727.97216894,16012497.972168941,15235731.151171422,0,0.0,0.0
566,45188788.71701546,30223002.082597744,15551772.082597744,14860642.077595806,0,0.0,0.0
567,45226476.979071885,31088868.846430257,16417638.846430257,15565567.00071687,0,0.0,0.0
568,47618837.852593265,34624161.66912501,19952931.669125013,18443741.940955784,0,0.0,0.0
569,50956780.34576888,38584356.13906059,23913126.139060587,21667840.49615076,0,0.0,0.0
570,50257016.19654231,37496409.47410475,22825179.474104747,20782114.480107315,0,0.0,0.0
571,48626295.723384894,35030685.5252624,20359455.5252624,18774703.712448336,0,0.0,0.0
572,45292290.80982711,31528905.79367809,16857675.79367809,15923812.661788462,0,0.0,0.0
573,40677447.4977252,26952525.336923636,12281295.336923636,12198060.875946328,0,0.0,0.0
574,35787536.123748854,22228116.99417626,7556886.994176261,8263507.768445596,0,0.0,0.0
575,32614971.97452229,19107555.839669645,4436325.839669645,5658516.88902794,0,0.0,0.0
576,31614826.751592357,18381425.817543603,3710195.8175436035,5758769.551283973,0,0.0,0.0
577,31855581.619654227,19000321.9688633,4329091.968863301,6294638.089707012,0,0.0,0.0
578,31375759.41765241,18743806.437477805,4072576.4374778047,6072535.233527917,0,0.0,0.0
579,30856561.419472247,18598831.332396977,3927601.3323969766,5947009.169903619,0,0.0,0.0
580,30392489.53594176,18462934.44760406,3791704.44760406,5829343.443796031,0,0.0,0.0
581,31497824.385805268,20045918.283978827,5374688.283978827,7145259.38486557,0,0.0,0.0
582,36454112.10191082,25339687.696042366,10668457.696042366,10672636.787195131,0,0.0,0.0
583,43970389.08098271,32652898.180340502,17981668.180340502,17981668.180340502,0,0.0,0.0
584,46157433.303002715,34706189.633559376,20034959.633559376,19870727.86393065,0,0.0,0.0
585,47500710.464058235,36435756.85205473,21764526.85205473,21330998.172827825,0,0.0,0.0
586,48011470.791628756,37318264.69220912,22647034.692209117,22076097.861678027,0,0.0,0.0
587,47870280.436760694,37726210.9769799,23054980.976979896,22420526.133042887,0,0.0,0.0
588,47700964.51319381,37951311.69864231,23280081.698642313,22610578.243674878,0,0.0,0.0
589,47290331.21019107,38012933.38286865,23341703.382868648,22662605.314318754,0,0.0,0.0
590,47494522.83894449,39399598.38600405,24728368.386004053,23833363.935788818,0,0.0,0.0
591,47526585.98726115,40166470.7372503,25495240.7372503,24480832.801562794,0,0.0,0.0
592,50273891.537761614,43162192.09550555,28490962.09550555,27010114.639475364,0,0.0,0.0
593,53519019.654231116,46528171.10093721,31856941.10093721,29852004.30380373,0,0.0,0.0
594,52946383.075523205,45707177.534197494,31035947.534197494,29158840.998853613,0,0.0,0.0
595,51748233.84895359,44315430.82679497,29644200.826794967,27983791.904148106,0,0.0,0.0
596,48666234.03093721,41141100.8993464,26469870.899346396,25303711.19139648,0,0.0,0.0
597,43992889.53594175,37017210.04179282,22345980.041792817,21821917.993640997,0,0.0,0.0
598,38962350.318471335,33108955.427713454,18437725.427713454,18510536.951929975,0,0.0,0.0
599,35785286.078252956,30226623.412351184,15555393.412351184,16014882.323881937,0,0.0,0.0
600,35965289.71792538,30509469.98531434,15838239.98531434,17413857.99282346,0,0.0,0.0
601,35373527.75250227,30275735.069955494,15604505.069955494,17214160.119329665,0,0.0,0.0
602,34787953.4121929,30468573.22780837,15797343.227808371,17378916.719739817,0,0.0,0.0
603,33904248.04367607,30285359.084904052,15614129.084904052,17222382.66201975,0,0.0,0.0
604,33407550.500454966,30440516.221012723,15769286.221012723,17354945.441913866,0,0.0,0.0
605,34702451.6833485,32086679.084489513,17415449.084489513,18761390.100625064,0,0.0,0.0
606,39058539.76342129,36692064.45890704,22020834.458907038,22696128.154110238,0,0.0,0.0
607,46355999.81801637,44002451.4535986,29331221.453598604,28895950.548554536,0,0.0,0.0
608,49288934.12192903,46981504.396458544,32310274.396458544,31389889.774593882,0,0.0,0.0
609,50764401.45586896,48654734.5291174,33983504.5291174,32790648.452626258,0,0.0,0.0
610,51176159.781619646,49023343.52311519,34352113.52311519,33099232.57208785,0,0.0,0.0
611,51206535.39581436,48958791.97356254,34287561.97356254,33045192.69947775,0,0.0,0.0
612,50698025.11373976,48494062.63205011,33822832.63205011,32656140.622686982,0,0.0,0.0
613,49417749.2265696,46994445.457924776,32323215.457924776,31400723.4930394,0,0.0,0.0
614,48738235.4868062,46250540.21514691,31579310.215146907,30777956.962532893,0,0.0,0.0
615,48247725.568698816,45689478.92382668,31018248.92382668,30308259.783773635,0,0.0,0.0
616,49994323.38489537,47380295.37817498,32709065.378174983,31723740.998915717,0,0.0,0.0
617,53367704.094631486,50281701.00176469,35610471.00176469,34725789.082534,0,0.0,0.0
618,52401309.55414013,49133970.37188316,34462740.37188316,34462740.37188316,0,0.0,0.0
619,50185014.740673326,46736952.757937126,32065722.757937126,32065722.757937126,0,0.0,0.0
620,46786883.530482255,42934531.13746057,28263301.137460567,28263301.137460567,0,0.0,0.0
621,42303105.368516825,37767539.76893928,23096309.76893928,23614990.15672881,0,0.0,0.0
622,37633698.45313921,32385733.181042686,17714503.181042686,19016895.218675524,0,0.0,0.0
623,33813121.20109189,27790087.66843663,13118857.668436632,15090478.68484389,0,0.0,0.0
624,32967666.606005453,26588361.92216159,11917131.92216159,11298942.04303475,0,0.0,0.0
625,32433843.312101908,25524602.091775075,10853372.091775075,10620338.286731549,0,0.0,0.0
626,32006897.179253872,24193770.458312944,9522540.458312944,9780590.615748396,0,0.0,0.0
627,30950500.8189263,22266082.239412747,7594852.239412747,8576570.03138868,0,0.0,0.0
628,29815915.377616018,20493783.36876765,5822553.368767649,7469604.547565982,0,0.0,0.0
629,29642099.36305732,19740003.578483324,5068773.5784833245,6998798.960501456,0,0.0,0.0
630,31075378.34394904,20514112.698079906,5842882.698079906,7482302.104524725,0,0.0,0.0
631,32694286.078252953,21821301.867119968,7150071.867119968,8298763.320475018,0,0.0,0.0
632,36484487.71610555,25082847.341375895,10411617.341375895,10338529.908164794,0,0.0,0.0
633,39821305.18653321,27659606.311668124,12988376.311668124,11982320.42025146,0,0.0,0.0
634,41009891.719745204,28075001.539666936,13403771.539666936,12247313.282378992,0,0.0,0.0
635,41545965.05914469,28083399.07296188,13412169.072961882,12252670.31643391,0,0.0,0.0
636,41745094.08553231,27493847.65824898,12822617.65824898,11876578.088536305,0,0.0,0.0
637,41165144.85896269,26888411.98914001,12217181.989140011,11490352.826478785,0,0.0,0.0
638,40219000.72793449,25948949.146554735,11277719.146554735,10891041.783069666,0,0.0,0.0
639,40033934.485896274,25916145.447473314,11244915.447473314,10870115.336346064,0,0.0,0.0
640,42014537.03366697,27837134.206043396,13165904.206043396,12095570.697739271,0,0.0,0.0
641,45760862.7843494,31412113.978965886,16740883.978965886,14376155.688179929,0,0.0,0.0
642,44861407.09736123,30451577.945988294,15780347.945988294,14498431.162821297,0,0.0,0.0
643,41874471.70154686,28035098.694246463,13363868.694246463,13363868.694246463,0,0.0,0.0
644,38849848.04367606,24912749.685795236,10241519.685795236,10241519.685795236,0,0.0,0.0
645,35882038.03457689,22101222.393443108,7429992.393443108,8473599.724190837,0,0.0,0.0
646,32450718.653321207,19285057.080446757,4613827.080446757,6714642.5585232815,0,0.0,0.0
647,29652224.56778889,16825636.953632653,2154406.9536326528,5178505.942010575,0,0.0,0.0
648,29402469.5177434,17131139.34258976,2459909.3425897583,3640877.1799353505,0,0.0,0.0
649,28761769.062784355,16654061.774236783,1982831.7742367834,3283242.213718633,0,0.0,0.0
650,28185194.904458597,16365377.527130999,1694147.5271309987,3066833.8394632568,0,0.0,0.0
651,27780749.226569597,16522315.341563385,1851085.341563385,3184480.2216992048,0,0.0,0.0
652,27647434.030937213,16661589.104868721,1990359.1048687212,3288884.978784174,0,0.0,0.0
653,27872438.58052775,16540093.956969097,1868863.9569690973,2988636.16096422,0,0.0,0.0
654,28826457.870791636,17426964.73099507,2755734.73099507,2756142.8865867523,0,0.0,0.0
655,30261424.385805275,18207851.640227642,3536621.640227642,3536621.640227642,0,0.0,0.0
656,31719453.86715196,19171968.987916954,4500738.987916954,4500738.987916954,0,0.0,0.0
657,35453966.87898089,22295488.152543284,7624258.152543284,7503221.727382204,0,0.0,0.0
658,37816514.64968153,24505063.0806837,9833833.0806837,9115385.967657387,0,0.0,0.0
659,38676594.54049134,25122358.895666253,10451128.895666253,9565781.302032366,0,0.0,0.0
660,39099040.58234759,25186705.72645344,10515475.726453438,9612730.44969375,0,0.0,0.0
661,38425151.95632394,24337291.10992787,9666061.10992787,8992975.105582353,0,0.0,0.0
662,38158521.56505914,24005010.491683517,9333780.491683517,8750534.38829882,0,0.0,0.0
663,38748033.48498635,24968189.724588208,10296959.724588208,9453295.401961962,0,0.0,0.0
664,41459338.307552315,27608795.095892675,12937565.095892675,11379950.840561815,0,0.0,0.0
665,45087536.66969971,31287682.477277648,16616452.477277648,14064164.26312268,0,0.0,0.0
666,44199331.21019109,30450001.9820989,15778771.9820989,13452970.443938745,0,0.0,0.0
667,41880096.815286614,28221682.26052528,13550452.260525279,11827129.507173443,0,0.0,0.0
668,38671531.93812557,25132494.15522543,10461264.15522543,9573176.255160734,0,0.0,0.0
669,34934768.88080073,21380822.53557139,6709592.535571389,6826596.664506168,0,0.0,0.0
670,31052877.88898998,17814652.3636609,3143422.363660902,4153263.7862546938,0,0.0,0.0
671,28178444.767970886,15064386.89903914,393156.89903914,2091563.2122313092,0,0.0,0.0
672,28412449.499545034,15316459.744952055,645229.7449520547,2577704.7893092674,0,0.0,0.0
673,28887771.61055505,15637901.743896168,966671.7438961677,2856887.0099559445,0,0.0,0.0
674,28170007.097361237,14642076.923733486,0.0,2017302.9948495363,0,0.0,0.0
675,27586682.80254777,13986572.576327078,0.0,2017302.9948495363,0,0.0,0.0
676,27200800.0,13840095.38680308,0.0,2017302.9948495363,0,0.0,0.0
677,28091818.016378526,15005817.06464703,334587.0646470301,1409423.4049606454,0,0.0,0.0
678,33560553.59417652,20879293.22614848,6208063.226148479,6208063.226148479,0,0.0,0.0
679,40997516.46951774,28342958.46174468,13671728.461744681,13671728.461744681,0,0.0,0.0
680,43913575.43221109,31295162.688134834,16623932.688134834,16430347.719253592,0,0.0,0.0
681,44802343.403093725,37690454.3353761,23019224.3353761,21858398.99280682,0,0.0,0.0
682,45223101.91082802,33533631.208743773,18862401.208743773,18330264.497770112,0,0.0,0.0
683,45949866.60600546,33685553.42301682,19014323.423016816,18459209.60522609,0,0.0,0.0
684,46094432.02911738,33885190.618142545,19213960.618142545,18628653.15698626,0,0.0,0.0
685,45416043.312101915,33197509.73766751,18526279.73766751,18044978.903338917,0,0.0,0.0
686,45444168.880800724,34117975.3824085,19446745.3824085,18826230.95419004,0,0.0,0.0
687,45920616.01455869,34948128.89412263,20276898.89412263,19530829.911525838,0,0.0,0.0
688,47937781.80163785,37981975.9036679,23310745.903667897,22105830.088575087,0,0.0,0.0
689,51822935.35941766,42502264.77687787,27831034.776877873,25942458.834918518,0,0.0,0.0
690,51469340.70973613,42738837.56934387,28067607.569343872,26143251.74918492,0,0.0,0.0
691,50220452.957233846,41439003.846198864,26767773.846198864,25040008.224807367,0,0.0,0.0
692,47096264.78616924,38395994.70374949,23724764.703749493,22457231.61942276,0,0.0,0.0
693,42644549.77252047,35111940.00558795,20440710.00558795,19669865.808754243,0,0.0,0.0
694,37662386.533212,30781150.708413802,16109920.708413802,15994076.234691992,0,0.0,0.0
695,33756307.55232029,27464224.14622388,12792994.14622388,13128410.21230962,0,0.0,0.0
696,33048668.24385805,27165872.682483386,12494642.682483386,13893010.02072064,0,0.0,0.0
697,33064981.07370336,27450052.443911742,12778822.443911742,14133305.905628873,0,0.0,0.0
698,32649285.16833485,27104795.56080646,12433565.56080646,13841364.60822807,0,0.0,0.0
699,32174525.56869882,26682489.019765884,12011259.019765884,13484271.88821231,0,0.0,0.0
700,32015897.36123749,26663425.24348596,11992195.243485961,13468151.99646544,0,0.0,0.0
701,33379987.443130113,27868527.90303775,13197297.90303775,14487159.150693325,0,0.0,0.0
702,38368338.307552315,32698127.825115927,18026897.825115927,18570958.01517058,0,0.0,0.0
703,45600547.04276614,39668733.23379289,24997503.233792894,24410359.905529335,0,0.0,0.0
704,47922031.483166516,42343333.24006043,27672103.240060426,26629410.87741483,0,0.0,0.0
705,49350810.37306642,43615225.75570812,28943995.75570812,27684669.352090683,0,0.0,0.0
706,49745130.846223846,43821040.7366229,29149810.7366229,27855429.066574074,0,0.0,0.0
707,49149993.81255688,42963929.13978429,28292699.13978429,27144304.293702606,0,0.0,0.0
708,48552606.73339399,41655741.46328068,26984511.463280678,26058932.601430368,0,0.0,0.0
709,47867467.879890814,40995044.4941909,26323814.4941909,25510768.297255963,0,0.0,0.0
710,47256018.016378514,40438251.710082434,25767021.710082434,25048810.783676602,0,0.0,0.0
711,47523210.919017285,41181816.37570064,26510586.375700638,25665728.412493333,0,0.0,0.0
712,49326059.87261144,42524080.64539627,27852850.64539627,27207526.231853887,0,0.0,0.0
713,52708440.76433121,45046585.474672265,30375355.474672265,30375355.474672265,0,0.0,0.0
714,51688045.13193812,43307780.6962862,28636550.6962862,28636550.6962862,0,0.0,0.0
715,49867758.32575068,41013200.76687294,26341970.766872942,26341970.766872942,0,0.0,0.0
716,46243497.543221116,37067946.140699595,22396716.140699595,22396716.140699595,0,0.0,0.0
717,41157832.21110101,31467986.304319885,16796756.304319885,17530778.574466195,0,0.0,0.0
718,35996790.35486806,25494822.43748919,10823592.43748919,12480008.280805238,0,0.0,0.0
719,31190693.175614197,20415961.770111144,5744731.770111144,8185440.2501366045,0,0.0,0.0
720,31050065.332120113,19786885.694717746,5115655.694717746,6656215.234617962,0,0.0,0.0
721,31180005.45950864,19499790.81910469,4828560.81910469,6415381.819922275,0,0.0,0.0
722,30683307.91628753,18608774.801589236,3937544.8015892357,5667940.99713302,0,0.0,0.0
723,29850228.571428567,17550458.910725184,2879228.910725184,4780158.415576174,0,0.0,0.0
724,29274779.43585077,16739716.306859901,2068486.3068599012,4100056.03021938,0,0.0,0.0
725,30538179.981801633,18003715.016272146,3332485.0162721463,3485749.958312222,0,0.0,0.0
726,35174961.23748863,22765347.55339534,8094117.553395338,8094117.553395338,0,0.0,0.0
727,42520234.75887169,29868562.81220682,15197332.81220682,15103738.022882203,0,0.0,0.0
728,44225206.733394,31384292.628535345,16713062.628535345,16347370.50001247,0,0.0,0.0
729,45458794.1765241,32785636.71249751,18114406.71249751,17497151.28262655,0,0.0,0.0
730,46010617.83439491,33342071.777619503,18670841.777619503,17953697.502767555,0,0.0,0.0
731,46241810.00909919,33398992.693319447,18727762.693319447,18000400.21893099,0,0.0,0.0
732,46579879.34485896,33938066.98971553,19266836.98971553,18442702.201357007,0,0.0,0.0
733,45624735.03184713,33073243.263007537,18402013.263007537,17733127.934267577,0,0.0,0.0
734,45734987.2611465,32833790.717054486,18162560.717054486,17536660.886070255,0,0.0,0.0
735,45926241.12829845,33292802.088403136,18621572.088403136,17913272.49760667,0,0.0,0.0
736,48203287.17015468,36057304.84926461,21386074.849264607,20181503.536863625,0,0.0,0.0
737,52408059.690627836,41243495.6205982,26572265.620598197,24436691.503968827,0,0.0,0.0
738,51992926.29663329,40260669.86366262,25589439.863662623,23630298.426839907,0,0.0,0.0
739,50101763.05732484,38419256.82197538,23748026.82197538,22119447.98516915,0,0.0,0.0
740,46896573.24840765,35477214.319378585,20805984.319378585,19705548.379902065,0,0.0,0.0
741,42219291.17379435,31564917.992843743,16893687.992843743,16495570.770817667,0,0.0,0.0
742,37236565.423111916,25724776.71441072,11053546.714410719,11637295.329864703,0,0.0,0.0
743,33044168.152866237,21504077.39549534,6832847.39549534,8096704.689897396,0,0.0,0.0
744,32781475.34121929,21302275.866738282,6631045.866738282,8234934.000874532,0,0.0,0.0
745,32883852.41128298,21631177.7170768,6959947.717076801,8504598.881086309,0,0.0,0.0
746,32537345.40491356,21245873.73001779,6574643.730017789,8188690.188543388,0,0.0,0.0
747,31598513.921747044,20482230.1008815,5811000.100881498,7562582.832918686,0,0.0,0.0
748,31115879.162875343,19714058.12225105,5042828.122251049,6932762.70759492,0,0.0,0.0
749,32596971.610555038,20731499.7167442,6060269.716744199,7766957.667030639,0,0.0,0.0
750,37427256.778889894,25324871.14435932,10653641.14435932,11533038.503976785,0,0.0,0.0
751,44041265.51410374,31977771.905994833,17306541.905994833,16950138.399049357,0,0.0,0.0
752,45921178.525932655,33653318.98448609,18982088.98448609,18288354.154912114,0,0.0,0.0
753,47145765.78707916,34622492.702606395,19951262.702606395,19062407.928993203,0,0.0,0.0
754,46906698.45313921,34249492.791910335,19578262.791910335,18764502.627592575,0,0.0,0.0
755,46977012.37488627,34404141.74666736,19732911.746667363,18888016.714746673,0,0.0,0.0
756,47150265.87807097,34475767.15975007,19804537.159750067,18945222.064293627,0,0.0,0.0
757,46557378.8898999,34002318.05739717,19331088.05739717,18567090.613079343,0,0.0,0.0
758,46518003.09372155,33976336.73967407,19305106.73967407,18546340.012167297,0,0.0,0.0
759,46708131.938125566,34136285.93248635,19465055.932486348,18674087.26123395,0,0.0,0.0
760,48010345.7688808,35696606.14191384,21025376.14191384,19920274.32171758,0,0.0,0.0
761,52037927.20655141,39696871.472503774,25025641.472503774,23115181.920403045,0,0.0,0.0
762,51900111.919927195,39055737.59928425,24384507.599284247,22603125.015662275,0,0.0,0.0
763,49907696.633303,36999143.90689374,22327913.906893738,21057759.813904915,0,0.0,0.0
764,46848197.27024568,33892799.74222204,19221569.74222204,19221569.74222204,0,0.0,0.0
765,42069663.148316644,29296714.153786704,14625484.153786704,14789531.491945166,0,0.0,0.0
766,36998623.11191992,24453914.78618172,9782684.786181722,10818946.011776103,0,0.0,0.0
767,33642117.7434031,21411642.89044503,6740412.890445031,8324603.442735816,0,0.0,0.0
768,33451988.898999084,21136904.441276394,6465674.441276394,8433529.728865148,0,0.0,0.0
769,33174108.280254774,20854672.324079663,6183442.324079663,8186148.133083565,0,0.0,0.0
770,32611596.906278424,20661467.520229522,5990237.520229522,8016800.6004078295,0,0.0,0.0
771,32090148.862602364,20345659.33832252,5674429.33832252,7739988.971819942,0,0.0,0.0
772,31774017.470427666,20585068.356174618,5913838.356174618,7949835.340365834,0,0.0,0.0
773,33225296.815286618,22323439.337660573,7652209.337660573,8543716.927157285,0,0.0,0.0
774,37932954.50409463,27745129.594741702,13073899.594741702,13073899.594741702,0,0.0,0.0
775,45474544.494995445,36078604.50553666,21407374.50553666,21407374.50553666,0,0.0,0.0
776,47840467.33393995,39202091.1528325,24530861.1528325,24227363.839631885,0,0.0,0.0
777,49057741.947224736,40702001.828917,26030771.828916997,25513464.47449001,0,0.0,0.0
778,49758631.119199276,41552603.32214217,26881373.32214217,26242813.987024948,0,0.0,0.0
779,50041011.82893541,42453105.900131874,27781875.900131874,27014951.258737195,0,0.0,0.0
780,49660191.6287534,43131047.27920337,28459817.27920337,27596253.10018851,0,0.0,0.0
781,49253495.9053685,43294421.63427747,28623191.63427747,27736338.683370605,0,0.0,0.0
782,48903613.830755234,43029895.29019786,28358665.290197857,27509520.177120894,0,0.0,0.0
783,48344477.52502274,43713424.004916,29042194.004915997,28095612.887813237,0,0.0,0.0
784,49625315.92356688,45528145.768509835,30856915.768509835,29651648.756790154,0,0.0,0.0
785,53043697.5432211,49289792.518682174,34618562.518682174,32877078.344462544,0,0.0,0.0
786,52901944.67697908,49523548.89760426,34852318.89760426,33077513.098429777,0,0.0,0.0
787,50808839.854413085,48023980.71111303,33352750.71111303,31791706.131781615,0,0.0,0.0
788,47615462.784349404,45044247.75291477,30373017.75291477,29236729.685283847,0,0.0,0.0
789,43482691.719745226,41146258.69762762,26475028.69762762,25894393.185778566,0,0.0,0.0
790,39289731.938125566,37063359.68964591,22392129.68964591,22392129.68964591,0,0.0,0.0
791,35941101.72884439,33610964.46816987,18939734.468169868,19367270.74309989,0,0.0,0.0
792,35412903.54868062,33053327.45906204,18382097.45906204,19451472.49913764,0,0.0,0.0
793,35337527.02456779,32796879.79581985,18125649.79581985,19252478.8894918,0,0.0,0.0
794,34444258.96269335,31943248.73609988,17272018.73609988,18590093.73170987,0,0.0,0.0
795,33525115.377616003,31474687.27003306,16803457.27003306,18226507.897880185,0,0.0,0.0
796,32636347.406733394,30591744.729684353,15920514.729684353,17541378.148626313,0,0.0,0.0
797,32763474.977252048,30884928.212647863,16213698.212647863,17768877.353828084,0,0.0,0.0
798,34668138.489535935,32808126.36554566,18136896.36554566,19261205.79882519,0,0.0,0.0
799,36905246.22383986,35085484.14670618,20414254.14670618,21028348.613069504,0,0.0,0.0
800,40783762.14740675,38374623.01372779,23703393.01372779,23571633.675487448,0,0.0,0.0
801,43887137.397634216,40835219.44275629,26163989.442756288,25440528.526657548,0,0.0,0.0
802,45201163.96724295,41774096.52845725,27102866.528457247,26153633.093764834,0,0.0,0.0
803,46092181.98362146,42768350.33668999,28097120.336689986,26908797.89894831,0,0.0,0.0
804,46291873.52138308,42960530.132755026,28289300.132755026,27054764.066795964,0,0.0,0.0
805,45552171.06460419,42310718.65885176,27639488.658851758,26561213.274198644,0,0.0,0.0
806,44883907.55232027,41793316.36561679,27122086.36561679,26168231.121415384,0,0.0,0.0
807,44547525.75068244,41505041.06276172,26833811.062761717,25949277.609628793,0,0.0,0.0
808,45980242.22020018,42726968.68904829,28055738.68904829,26877367.32898645,0,0.0,0.0
809,49308059.50864422,45494451.75402473,30823221.75402473,29011577.71488837,0,0.0,0.0
810,48800111.737943575,44871333.18214603,30200103.182146028,30052052.012330346,0,0.0,0.0
811,46583254.413102806,42561730.730679534,27890500.730679534,27890500.730679534,0,0.0,0.0
812,43368501.910828024,39191854.48674504,24520624.486745037,24520624.486745037,0,0.0,0.0
813,40017621.65605094,35322482.77831595,20651252.778315946,21212250.515660126,0,0.0,0.0
814,36821432.029117376,31647972.931339078,16976742.931339078,18360970.964562863,0,0.0,0.0
815,34486447.31574158,28999060.030370258,14327830.030370258,16305515.542832518,0,0.0,0.0
816,34857142.31119199,28638901.324507087,13967671.324507087,15142656.807559008,0,0.0,0.0
817,34151753.048225656,28215789.710763123,13544559.710763123,14801396.270265313,0,0.0,0.0
818,33359174.522292987,27515332.641434036,12844102.641434036,14236442.844110806,0,0.0,0.0
819,32584033.848953594,26817229.25652395,12145999.256523948,13673387.781374741,0,0.0,0.0
820,31960208.73521382,26432322.885589413,11761092.885589413,13362941.670499677,0,0.0,0.0
821,31895519.927206554,26794042.499622256,12122812.499622256,13654686.509981235,0,0.0,0.0
822,33100419.290263876,27300274.636769645,12629044.636769645,13983734.682098985,0,0.0,0.0
823,33521740.30937215,27545806.208282705,12874576.208282705,12886388.81457218,0,0.0,0.0
824,36296608.91719745,30181823.005947024,15510593.005947024,15510593.005947024,0,0.0,0.0
825,40621758.871701546,34654225.47801769,19982995.478017688,19982995.478017688,0,0.0,0.0
826,42778427.47952684,36967052.71814094,22295822.718140937,21823537.312365934,0,0.0,0.0
827,44193706.09645131,38434467.69330319,23763237.69330319,22983555.165298954,0,0.0,0.0
828,45012722.656960875,39002389.700084046,24331159.700084046,23432507.69617148,0,0.0,0.0
829,45300165.96906278,39359358.198415495,24688128.198415495,23714697.69559778,0,0.0,0.0
830,44378209.82711556,38379173.28040309,23707943.280403093,22939843.940309953,0,0.0,0.0
831,44973909.3721565,39255938.14363534,24584708.14363534,23632942.287668254,0,0.0,0.0
832,47200891.90172884,41506658.18369607,26835428.18369607,25412176.8413676,0,0.0,0.0
833,50960155.414012745,45136862.69659368,30465632.69659368,28281918.609059222,0,0.0,0.0
834,50908404.36760689,44420822.11727711,29749592.117277108,27715875.690395467,0,0.0,0.0
835,49213557.59781621,42909177.244501345,28237947.244501345,26520893.310226794,0,0.0,0.0
836,46120870.06369427,40061932.81296208,25390702.812962078,24270095.52762648,0,0.0,0.0
837,42646799.81801638,36871050.39840439,22199820.39840439,21747645.757010188,0,0.0,0.0
838,38286774.15832575,32999745.690518543,18328515.690518543,18659894.441928934,0,0.0,0.0
839,34870080.07279344,29616771.6203669,14945541.620366901,15931357.783208903,0,0.0,0.0
840,35302651.319381244,30161304.9280212,15490074.9280212,17285736.09666926,0,0.0,0.0
841,35425278.79890809,30808702.405307822,16137472.405307822,17837800.974502474,0,0.0,0.0
842,34939268.971792534,30068603.593664475,15397373.593664475,17206685.50932202,0,0.0,0.0
843,34322193.99454048,29285459.054129902,14614229.054129902,16538863.020491881,0,0.0,0.0
844,33887935.21383075,29286353.298994713,14615123.298994713,16539625.583213188,0,0.0,0.0
845,35353277.34303912,31176899.95397824,16505669.95397824,18151779.545406338,0,0.0,0.0
846,40320815.28662421,35645012.29561016,20973782.29561016,21961939.4248772,0,0.0,0.0
847,47781403.639672436,42714835.8037319,28043605.803731903,27983437.01298512,0,0.0,0.0
848,50910654.41310283,45793959.01477267,31122729.01477267,30547085.554325968,0,0.0,0.0
849,52791692.44767971,47446162.975281715,32774932.975281715,31922694.77261539,0,0.0,0.0
850,53049885.16833485,47788607.41198229,33117377.41198229,32207810.735981133,0,0.0,0.0
851,53223701.18289354,48567318.053359605,33896088.053359605,32856157.76955722,0,0.0,0.0
852,53207950.8644222,48752342.38651357,34081112.38651357,33010207.26004266,0,0.0,0.0
853,53238888.9899909,49282965.90381256,34611735.90381256,33451999.326448776,0,0.0,0.0
854,52077303.00272974,47891275.9094642,33220045.909464203,32293291.545215204,0,0.0,0.0
855,52357996.178343944,47982868.791393235,33311638.791393235,32369550.902850702,0,0.0,0.0
856,53129761.78343947,48607351.83217979,33936121.83217979,32889489.510979183,0,0.0,0.0
857,54714356.32393086,50510349.966154456,35839119.966154456,34473907.559872195,0,0.0,0.0
858,54905610.1910828,50848217.88117614,36176987.88117614,34755213.155051164,0,0.0,0.0
859,54285160.14558691,50415294.31078534,35744064.31078534,34394765.13018333,0,0.0,0.0
860,51456852.957233846,47622071.59637695,32950841.596376948,32564637.9161669,0,0.0,0.0
861,46610817.47042767,43047984.97443208,28376754.97443208,28376754.97443208,0,0.0,0.0
862,40913139.76342129,37503744.65276919,22832514.652769193,23546963.90779675,0,0.0,0.0
863,37113937.94358508,33720620.991880074,19049390.991880074,20320924.612076633,0,0.0,0.0
864,36926059.14467697,33753354.94758763,19082124.94758763,20550921.28706838,0,0.0,0.0
865,37069499.54504095,34124840.95443394,19453610.95443394,20854100.519869,0,0.0,0.0
866,36533426.205641486,33664396.05754659,18993166.057546593,20478319.661337186,0,0.0,0.0
867,36024353.4121929,32930468.87798535,18259238.87798535,19879342.916237436,0,0.0,0.0
868,35476467.33393995,32133217.596727416,17461987.596727416,19228685.75191227,0,0.0,0.0
869,36681929.208371244,33177134.160671394,18505904.160671394,20080652.763136305,0,0.0,0.0
870,41719218.56232939,38106314.53668951,23435084.536689512,24103482.956455898,0,0.0,0.0
871,49080242.40218381,45194507.60694328,30523277.60694328,29820682.43660112,0,0.0,0.0
872,50917967.06096451,46807315.76405309,32136085.76405309,31105334.17238705,0,0.0,0.0
873,52258431.66515013,48206979.74381908,33535749.74381908,32220209.957952052,0,0.0,0.0
874,52444060.41856232,47402528.137907125,32731298.137907125,31579439.29509619,0,0.0,0.0
875,52837255.86897178,47059792.27870897,32388562.278708972,31306439.549593914,0,0.0,0.0
876,53315390.536851674,46736864.166559435,32065634.166559435,31049217.289166845,0,0.0,0.0
877,53615209.09918108,46696106.853196576,32024876.853196576,31016752.82454547,0,0.0,0.0
878,52183055.141037315,45138532.534728825,30467302.534728825,29776096.554911446,0,0.0,0.0
879,51722358.32575069,44634770.54259487,29963540.542594872,29374834.49856272,0,0.0,0.0
880,52820943.03912649,45890336.13123975,31219106.13123975,30374931.444833267,0,0.0,0.0
881,53890277.16105551,47033234.73528978,32362004.735289782,31285285.64229174,0,0.0,0.0
882,54144532.30209281,47734496.88539004,33063266.885390043,31843862.70205914,0,0.0,0.0
883,54155782.52957233,47690881.55207828,33019651.552078277,32776898.964909434,0,0.0,0.0
884,51114283.530482255,44903252.97171527,30232022.97171527,30232022.97171527,0,0.0,0.0
885,45954929.208371244,40133518.066149265,25462288.066149265,25757935.612721346,0,0.0,0.0
886,40467068.24385804,34273525.29306561,19602295.293065608,20975445.61197222,0,0.0,0.0
887,36159356.14194723,30203624.807428364,15532394.807428364,17653895.717575036,0,0.0,0.0
888,35914663.69426752,30192788.456398893,15521558.456398893,17146740.6706159,0,0.0,0.0
889,35972602.365787074,30015722.083192706,15344492.083192706,16993800.458086826,0,0.0,0.0
890,35414028.57142857,29080554.01575943,14409324.01575943,16186053.62059384,0,0.0,0.0
891,35005645.31392175,29181139.35685994,14509909.356859941,16272933.716270214,0,0.0,0.0
892,35082146.860782534,30168379.322873317,15497149.322873317,17125657.401096944,0,0.0,0.0
893,36015915.74158325,31571183.442630574,16899953.442630574,18337322.58815371,0,0.0,0.0
894,41761406.91537762,37736378.03772084,23065148.037720837,23169414.98499285,0,0.0,0.0
895,49030178.88989991,45018167.05068331,30346937.050683312,29903430.247832153,0,0.0,0.0
896,51875361.419472255,48090068.539727785,33418838.539727785,32505213.38838406,0,0.0,0.0
897,54088843.676069155,50497110.92374982,35825880.92374982,34543886.28062269,0,0.0,0.0
898,53985341.583257504,50919452.73781489,36248222.73781489,34901593.65350016,0,0.0,0.0
899,53906589.990900815,51090190.83146365,36418960.83146365,35046202.29251076,0,0.0,0.0
900,53493144.13102819,50833583.033427976,36162353.033427976,34828865.29617662,0,0.0,0.0
901,52170117.37943584,49411393.98745578,34740163.98745578,33624325.536134005,0,0.0,0.0
902,51580605.459508635,49439568.68308702,34768338.68308702,33648188.42638132,0,0.0,0.0
903,51185159.96360328,47749380.70196498,33078150.70196498,32216663.812284835,0,0.0,0.0
904,52126241.49226571,48109190.91343188,33437960.913431883,32521409.30797591,0,0.0,0.0
905,54043280.254777074,49253655.83085977,34582425.83085977,33490727.34689622,0,0.0,0.0
906,53787900.09099181,48346358.612470016,33675128.612470016,32722281.283539437,0,0.0,0.0
907,52659502.27479526,46737154.99923097,32065924.999230973,31359347.33348531,0,0.0,0.0
908,50622086.07825296,44195026.667052545,29523796.667052545,29206261.806696996,0,0.0,0.0
909,45452606.55141038,38939662.60049676,24268432.60049676,24701810.367591355,0,0.0,0.0
910,39947307.7343039,33641722.49254365,18970492.492543653,20125740.55035316,0,0.0,0.0
911,36073854.41310281,29851479.21371392,15180249.213713922,16851936.484088674,0,0.0,0.0
912,35684596.54231119,29855743.68345824,15184513.683458239,16550995.359771948,0,0.0,0.0
913,35565906.64240218,29797089.358531244,15125859.358531244,16501816.488089468,0,0.0,0.0
914,34746327.57051864,28979447.03037172,14308217.030371722,15816262.145954207,0,0.0,0.0
915,34294068.425841674,28508288.053658247,13837058.053658247,15421217.673331322,0,0.0,0.0
916,33874434.940855324,28103372.651670642,13432142.651670642,15081715.298674548,0,0.0,0.0
917,34437508.82620563,28760957.460821632,14089727.460821632,15633068.996629989,0,0.0,0.0
918,40557632.57506824,34995160.33308288,20323930.333082877,20860152.651228864,0,0.0,0.0
919,47628400.54595086,41761419.76770721,27090189.767707206,26477697.474128764,0,0.0,0.0
920,50061262.23839856,44019531.59237459,29348301.592374593,28334568.85198791,0,0.0,0.0
921,51631231.483166516,45729760.8552933,31058530.855293296,29740910.08504827,0,0.0,0.0
922,51799984.89535942,45821174.156677656,31149944.156677656,29816080.296302635,0,0.0,0.0
923,51694795.26842582,45567602.88736654,30896372.88736654,29607565.71917333,0,0.0,0.0
924,51159846.951774344,44748516.663487166,30077286.663487166,28934021.67741872,0,0.0,0.0
925,50255891.173794344,43900998.89653672,29229768.896536723,28237098.05012706,0,0.0,0.0
926,50067449.86351228,44205021.54806186,29533791.548061863,28487099.380296364,0,0.0,0.0
927,50007823.65787079,44223338.145097315,29552108.145097315,28502161.329134926,0,0.0,0.0
928,49811507.18835305,43448950.563262425,28777720.563262425,27865373.495879333,0,0.0,0.0
929,51676232.39308464,44544826.60828747,29873596.60828747,28766524.99752751,0,0.0,0.0
930,51868048.77161054,43957704.27712619,29286474.277126193,28299300.810015205,0,0.0,0.0
931,50707025.29572338,42373828.39823311,27702598.39823311,27684189.055106916,0,0.0,0.0
932,47571586.897179246,39126769.905844465,24455539.905844465,24455539.905844465,0,0.0,0.0
933,42703613.46678799,34395621.06500413,19724391.065004133,20357467.388545446,0,0.0,0.0
934,37605572.88444039,29048012.67304694,14376782.67304694,15873751.1878475,0,0.0,0.0
935,34035875.70518652,25433629.94533571,10762399.945335709,12843262.564908072,0,0.0,0.0
936,33861497.17925387,25115131.410338677,10443901.410338677,12057746.088220123,0,0.0,0.0
937,34068501.36487716,25089960.29820419,10418730.298204191,12036918.753613098,0,0.0,0.0
938,33289423.11191993,24435064.1502482,9763834.1502482,11495038.000253815,0,0.0,0.0
939,32677410.73703367,22895130.275371753,8223900.275371753,10220850.435025357,0,0.0,0.0
940,32405717.74340309,22362915.651836824,7691685.651836824,9780480.061722575,0,0.0,0.0
941,33600491.901728846,22987473.3690774,8316243.369077399,8831041.85832781,0,0.0,0.0
942,38685032.211101,27728732.618424162,13057502.618424162,13057502.618424162,0,0.0,0.0
943,45080224.02183803,34332251.064042956,19661021.064042956,19661021.064042956,0,0.0,0.0
944,47482147.58871701,37248345.09004927,22577115.090049267,22039856.08787418,0,0.0,0.0
945,48726422.747952685,38223974.673996896,23552744.673996896,22827053.2762188,0,0.0,0.0
946,49198932.302092806,39217690.703988165,24546460.703988165,23628843.707436506,0,0.0,0.0
947,49589877.70700636,39427582.78211478,24756352.78211478,23798197.380670268,0,0.0,0.0
948,49630378.52593266,39359004.749607675,24687774.749607675,23742864.460000355,0,0.0,0.0
949,48543044.04003639,38324065.09609395,23652835.096093953,22907812.30623531,0,0.0,0.0
950,47996282.984531395,38180819.82498894,23509589.82498894,22792233.323686153,0,0.0,0.0
951,47421958.871701546,38160558.31449184,23489328.31449184,22775885.106742598,0,0.0,0.0
952,48550919.199272074,39157711.99565567,24486481.99565567,23580449.243659724,0,0.0,0.0
953,52158304.64058236,43173064.39013401,28501834.390134007,26820279.36684699,0,0.0,0.0
954,52732628.7534122,43800153.8402074,29128923.840207398,27326253.211900927,0,0.0,0.0
955,50687899.9090082,42239123.69447088,27567893.694470882,26066719.304910533,0,0.0,0.0
956,48346727.57051865,40526609.35144986,25855379.351449862,24684958.74946355,0,0.0,0.0
957,44035077.88898999,36814044.60138686,22142814.60138686,21689436.08299035,0,0.0,0.0
958,39552987.26114649,32697440.111157373,18026210.111157373,18331576.16620437,0,0.0,0.0
959,35570969.24476798,28715710.29455497,14044480.294554971,15036973.259426167,0,0.0,0.0
960,34847579.61783438,27895402.834950205,13224172.834950205,13752278.75922547,0,0.0,0.0
961,34665325.932666056,26494055.459010273,11822825.459010273,12708140.901983095,0,0.0,0.0
962,34074688.98999089,25710504.654875442,11039274.654875442,12124320.593245503,0,0.0,0.0
963,33018292.62966333,24984794.503154904,10313564.503154904,11583597.103976278,0,0.0,0.0
964,31667702.82074613,23706018.63769609,9034788.637696091,10630786.748044478,0,0.0,0.0
965,31522012.374886267,23484333.53821474,8813103.53821474,10465610.141066663,0,0.0,0.0
966,33147107.73430391,24906306.677056354,10235076.677056354,11525116.164867805,0,0.0,0.0
967,34677138.671519555,26269473.410480194,11598243.410480194,12540805.79082266,0,0.0,0.0
968,38939849.86351227,29424300.19377191,14753070.19377191,14891453.555990506,0,0.0,0.0
969,42579298.45313921,32307734.473047588,17636504.473047588,17019509.405491754,0,0.0,0.0
970,44045203.093721576,33349974.344104283,18678744.344104283,17786989.12556151,0,0.0,0.0
971,44449086.26023657,33536936.965010032,18865706.965010032,17924663.785628766,0,0.0,0.0
972,44511525.02274796,33501077.774766557,18829847.774766557,17898257.96288653,0,0.0,0.0
973,43498160.78252958,33024787.992201984,18353557.992201984,17547529.92115068,0,0.0,0.0
974,43067558.325750664,33366453.30919482,18695223.30919482,17799123.828777116,0,0.0,0.0
975,42988806.733393975,33230074.015976816,18558844.015976816,17698697.482895568,0,0.0,0.0
976,44287082.98453139,34980279.449396014,20309049.449396014,18987505.571520366,0,0.0,0.0
977,46646255.68698817,38461307.71483525,23790077.71483525,21550848.879434247,0,0.0,0.0
978,46620380.16378525,37973788.52364128,23302558.52364128,22121139.72889757,0,0.0,0.0
979,44553150.864422195,34877433.74543119,20206203.745431192,20206203.745431192,0,0.0,0.0
980,41104956.14194723,31590903.900108628,16919673.900108628,16919673.900108628,0,0.0,0.0
981,37453694.81346679,27692344.882944822,13021114.882944822,13600981.159113487,0,0.0,0.0
982,33840684.258416735,24628104.367472015,9956874.367472015,11317828.829552801,0,0.0,0.0
983,30740684.07643312,20371909.758019634,5700679.758019634,8146556.669757778,0,0.0,0.0
984,29874416.560509555,18645344.09676766,3974114.09676766,5263604.2601962555,0,0.0,0.0
985,29856978.70791628,18400307.76323099,3729077.7632309906,5064705.83229611,0,0.0,0.0
986,29344530.84622384,17896791.67433124,3225561.6743312404,4655996.817354856,0,0.0,0.0
987,28695392.72065514,17171334.118693065,2500104.118693065,4067135.707485526,0,0.0,0.0
988,28085630.39126479,16400176.309554225,1728946.3095542248,3441179.2475318816,0,0.0,0.0
989,28220633.121019106,16539710.796241187,1868480.7962411866,3554440.7775234613,0,0.0,0.0
990,29478408.553230207,17838451.531289726,3167221.5312897265,3534433.497732361,0,0.0,0.0
991,30845873.703366697,19313307.076678228,4642077.076678228,4642077.076678228,0,0.0,0.0
992,33713556.687898085,22188544.979846336,7517314.979846336,7517314.979846336,0,0.0,0.0
993,37434569.42675159,25502130.10149354,10830900.101493541,10826791.560655784,0,0.0,0.0
994,39403359.23566878,27257724.756746568,12586494.756746568,12223744.418169405,0,0.0,0.0
995,40552569.97270246,28370523.733231924,13699293.733231924,13107736.122282295,0,0.0,0.0
996,41160082.25659691,28685263.658760127,14014033.658760127,13357761.049514694,0,0.0,0.0
997,40481693.53958144,28096613.58370272,13425383.58370272,12890145.789281728,0,0.0,0.0
998,40513194.17652412,32782721.1567898,18111491.1567898,16612723.098144017,0,0.0,0.0
999,41090330.84622383,33283597.33654643,18612367.33654643,17010612.022423103,0,0.0,0.0
1000,43025369.972702466,30502735.693020932,15831505.693020932,14801535.023694728,0,0.0,0.0
1001,46950011.828935385,35011636.17932142,20340406.179321423,18383341.539323434,0,0.0,0.0
1002,47411833.66696996,35969626.63068115,21298396.63068115,19144355.549505264,0,0.0,0.0
1003,45939741.401273884,34115758.67319993,19444528.67319993,17671669.17077579,0,0.0,0.0
1004,43093433.8489536,31173102.680148207,16501872.680148207,15334065.038417889,0,0.0,0.0
1005,39604738.307552315,27636044.130630925,12964814.130630925,12524275.956287118,0,0.0,0.0
1006,35461279.52684259,23616201.75657463,8944971.75657463,9298498.839220127,0,0.0,0.0
1007,32649847.679708824,20944761.00216916,6273531.002169158,7130063.821398142,0,0.0,0.0
1008,32947416.196542308,21263353.08232851,6592123.08232851,8298330.352567092,0,0.0,0.0
1009,33036855.505004544,21550229.784805294,6878999.784805294,8547173.04527447,0,0.0,0.0
1010,32647597.634212922,21502995.37843822,6831765.378438219,8506200.95947127,0,0.0,0.0
1011,32317965.969062783,21253537.982012156,6582307.982012156,8289816.534711452,0,0.0,0.0
1012,32205463.69426751,21205862.653775077,6534632.653775077,8248461.984300782,0,0.0,0.0
1013,32967666.606005453,22408008.38729389,7736778.38729389,9291227.669951806,0,0.0,0.0
1014,38466215.286624216,28100626.93927258,13429396.939272579,14229120.907012386,0,0.0,0.0
1015,44635840.03639672,34571449.43722697,19900219.437226973,19834456.152038194,0,0.0,0.0
1016,48898551.228389435,39153413.76354369,24482183.763543688,23729707.38278327,0,0.0,0.0
1017,50962967.97088261,41501493.19028962,26830263.190289617,25725872.91912032,0,0.0,0.0
1018,50896591.6287534,41835472.2806923,27164242.2806923,26009797.535351455,0,0.0,0.0
1019,50456707.7343039,42200321.56013113,27529091.560131133,26319965.730378196,0,0.0,0.0
1020,50218765.42311193,42196592.57043637,27525362.570436373,26316795.615845755,0,0.0,0.0
1021,49516188.71701547,40922689.19121002,26251459.191210017,25233816.056777325,0,0.0,0.0
1022,49312559.59963603,40837754.13254289,26166524.132542893,25161610.47675865,0,0.0,0.0
1023,49106680.43676068,40913984.30243233,26242754.30243233,25226415.796471924,0,0.0,0.0
1024,49002053.32120109,41089064.7931134,26417834.793113403,25375256.435166538,0,0.0,0.0
1025,51806172.52047315,43125455.268738426,28454225.268738426,27106446.802777342,0,0.0,0.0
1026,52252244.04003639,42975178.386518046,28303948.386518046,27191625.301966663,0,0.0,0.0
1027,50730650.7734304,40891296.585299216,26220066.585299216,26220066.585299216,0,0.0,0.0
1028,47653713.557779804,36662476.88538237,21991246.88538237,21991246.88538237,0,0.0,0.0
1029,42670987.80709736,31767110.749970835,17095880.749970835,17409503.616186906,0,0.0,0.0
1030,37529633.8489536,26282804.377845623,11611574.377845623,12652304.605290165,0,0.0,0.0
1031,34217004.367606916,22094552.42600939,7423322.4260093905,9019329.586985214,0,0.0,0.0
1032,33336111.55595996,21632716.706372473,6961486.706372473,8667702.3741366,0,0.0,0.0
1033,33377174.886260238,22245412.70696635,7574182.706966352,9201978.121340917,0,0.0,0.0
1034,32598096.63330299,20540267.072919127,5869037.072919127,7715077.6734193945,0,0.0,0.0
1035,32073836.032757055,19830109.39442157,5158879.39442157,7095814.574028504,0,0.0,0.0
1036,31604701.54686078,19148434.093414754,4477204.093414754,6501388.332559441,0,0.0,0.0
1037,32827601.27388535,20165568.15406006,5494338.154060058,7177494.298033009,0,0.0,0.0
1038,36814119.38125569,24197711.68226384,9526481.68226384,9526481.68226384,0,0.0,0.0
1039,42694613.28480437,30366293.77688609,15695063.77688609,15695063.77688609,0,0.0,0.0
1040,46613630.02729754,35123239.76773787,20452009.767737873,20430343.771930482,0,0.0,0.0
1041,49017803.639672436,39161348.30784098,24490118.30784098,23882491.305225447,0,0.0,0.0
1042,50105700.63694268,38963178.812422045,24291948.812422045,23713003.60898254,0,0.0,0.0
1043,51095158.14376706,40142416.823033795,25471186.823033795,24721566.169623625,0,0.0,0.0
1044,51709420.56414924,41543660.086019844,26872430.086019844,25920002.34678278,0,0.0,0.0
1045,51179534.84986351,42183620.45196124,27512390.45196124,26467338.897652477,0,0.0,0.0
1046,51182347.40673339,41983085.043917626,27311855.043917626,26295827.716011744,0,0.0,0.0
1047,51038344.49499546,42202778.29655376,27531548.29655376,26483723.957008377,0,0.0,0.0
1048,51089533.030027285,42738881.4661368,28067651.4661368,26942234.94513535,0,0.0,0.0
1049,52714628.38944495,45046262.934246935,30375032.934246935,28915660.61570524,0,0.0,0.0
1050,53386266.96997271,46084757.338723056,31413527.338723056,29803849.909439553,0,0.0,0.0
1051,53050447.679708816,46086912.13437712,31415682.134377122,29805692.833601564,0,0.0,0.0
1052,50651899.181073695,43779254.272532806,29108024.272532806,27832030.77277815,0,0.0,0.0
1053,46192309.00818927,39615130.046005845,24943900.046005845,24270595.545164518,0,0.0,0.0
1054,40774761.96542311,34612929.52025364,19941699.520253643,19986550.372630835,0,0.0,0.0
1055,36353985.07734303,30463998.054002486,15792768.054002486,16368649.3955031,0,0.0,0.0
1056,35979915.01364876,30334831.95110084,15663601.951100841,16490571.698771875,0,0.0,0.0
1057,36206607.097361244,30176391.65249416,15505161.652494159,16371558.079747707,0,0.0,0.0
1058,35924788.898999095,28775675.132266268,14104445.132266268,15319399.356460378,0,0.0,0.0
1059,35306588.89899909,27618471.08993974,12947241.08993974,14450156.85794317,0,0.0,0.0
1060,34469009.46314832,26422327.229479693,11751097.229479693,13551664.422882248,0,0.0,0.0
1061,35149648.22565968,26502609.96046245,11831379.960462451,13611969.398595037,0,0.0,0.0
1062,38993288.444040045,29403143.756847132,14731913.756847132,15790727.121506259,0,0.0,0.0
1063,43397189.99090081,32866873.270664245,18195643.270664245,18392533.533040214,0,0.0,0.0
1064,46430251.31938125,35727130.6530225,21055900.653022498,20512860.220226236,0,0.0,0.0
1065,48773673.70336671,37153282.61750298,22482052.61750298,21564664.136806056,0,0.0,0.0
1066,49496500.8189263,37528094.70308843,22856864.703088433,21841092.476435214,0,0.0,0.0
1067,49832882.62056415,36933189.91593599,22261959.915935993,21402343.17011782,0,0.0,0.0
1068,50343642.94813467,37323263.721883185,22652033.721883185,21690027.208753847,0,0.0,0.0
1069,50090512.8298453,36705100.19550011,22033870.195500113,21234124.307569426,0,0.0,0.0
1070,49880696.08735214,36350749.99955575,21679519.99955575,20972786.85320433,0,0.0,0.0
1071,49811507.18835305,36187486.18091191,21516256.180911914,20852377.858817875,0,0.0,0.0
1072,50448270.06369425,36965581.325999975,22294351.325999975,21426232.217580743,0,0.0,0.0
1073,52797317.56141948,39933196.543170184,25261966.543170184,23614883.487614606,0,0.0,0.0
1074,52906444.76797088,40571115.9312018,25899885.9312018,25012697.117544465,0,0.0,0.0
1075,51049032.211101,39861817.6321883,25190587.632188298,25190587.632188298,0,0.0,0.0
1076,48139160.87352139,36699868.09721708,22028638.097217083,22028638.097217083,0,0.0,0.0
1077,43454566.1510464,32598134.804702718,17926904.804702718,18190668.618076343,0,0.0,0.0
1078,38179896.99727025,27442171.62679845,12770941.626798451,14317728.19348735,0,0.0,0.0
1079,34240629.84531392,22743399.75255506,8072169.752555061,10788210.446800116,0,0.0,0.0
1080,34183816.19654231,22353939.994933583,7682709.994933583,9433971.54359291,0,0.0,0.0
1081,34244567.42493176,22404301.646506935,7733071.646506935,9473363.116931343,0,0.0,0.0
1082,33776557.96178344,22274083.676035967,7602853.676035967,9371510.008990303,0,0.0,0.0
1083,33089169.062784348,22098076.124474496,7426846.124474496,9233841.48226706,0,0.0,0.0
1084,32466468.971792534,22105743.066041823,7434513.0660418235,9239838.364450142,0,0.0,0.0
1085,33373237.306642406,23590828.69537904,8919598.695379041,9295165.11283245,0,0.0,0.0
1086,37547634.21292084,27085966.02041571,12414736.020415708,12414736.020415708,0,0.0,0.0
1087,42200728.29845313,30388916.68453689,15717686.68453689,15714803.239884142,0,0.0,0.0
1088,45104974.52229298,32739619.894541986,18068389.894541986,17492655.752560575,0,0.0,0.0
1089,46610817.47042767,34430658.84262903,19759428.84262903,18768763.011168282,0,0.0,0.0
1090,46224934.66787988,33404006.847841546,18732776.847841546,17994021.504419163,0,0.0,0.0
1091,46074181.61965423,33307881.001623876,18636651.001623876,17921482.14023898,0,0.0,0.0
1092,46188933.9399454,33564022.20807843,18892792.20807843,18114773.757297784,0,0.0,0.0
1093,44906970.51865332,32483397.494704697,17812167.494704697,17299302.86460957,0,0.0,0.0
1094,44455273.885350324,31745179.206152342,17073949.206152342,16742221.836094957,0,0.0,0.0
1095,44441211.10100092,31790923.95864976,17119693.95864976,16776742.159101825,0,0.0,0.0
1096,45725987.07916287,33827061.48189612,19155831.481896117,18313270.856963877,0,0.0,0.0
1097,49778319.017288454,38160576.08654788,23489346.08654788,21583467.23448335,0,0.0,0.0
1098,51532791.992720656,40265160.283948645,25593930.283948645,23171647.786854576,0,0.0,0.0
1099,50379643.67606915,38522077.3998642,23850847.399864197,21856266.657844365,0,0.0,0.0
1100,47750465.51410375,36026691.92652194,21355461.926521942,19973176.07666139,0,0.0,0.0
1101,43091746.314831644,31357356.97492227,16686126.97492227,16449559.881216878,0,0.0,0.0
1102,38146146.31483167,26446651.97167299,11775421.97167299,12635184.350325868,0,0.0,0.0
1103,34862767.42493176,23061839.18067555,8390609.180675551,9987671.865568267,0,0.0,0.0
1104,34697951.59235669,23009875.071611214,8338645.071611214,10150716.961732531,0,0.0,0.0
1105,34663075.88717016,23227511.393899225,8556281.393899225,10336594.58929595,0,0.0,0.0
1106,34184941.21929026,22994530.223999098,8323300.223999098,10137611.319073822,0,0.0,0.0
1107,33433426.02365787,22737805.004391313,8066575.004391313,9918348.862078048,0,0.0,0.0
1108,32839414.01273885,22935163.290184394,8263933.2901843935,10086907.53628067,0,0.0,0.0
1109,33814246.22383985,24659700.46567458,9988470.46567458,11559790.717980592,0,0.0,0.0
1110,38435839.67242948,30878556.470693752,16207326.470693752,16861593.96766056,0,0.0,0.0
1111,44083453.867151946,36600224.2960487,21928994.2960487,21734176.551649503,0,0.0,0.0
1112,47409021.11010009,40166354.10476872,25495124.104768723,24707885.55660035,0,0.0,0.0
1113,48927801.8198362,42450134.06387558,27778904.06387558,26612274.17787712,0,0.0,0.0
1114,48945802.183803454,43600748.608410805,28929518.608410805,27571743.691282146,0,0.0,0.0
1115,48684796.906278424,43440863.87665275,28769633.876652747,27438419.698021874,0,0.0,0.0
1116,47805591.628753416,42209884.503250666,27538654.503250666,26411935.906365283,0,0.0,0.0
1117,47025388.35304822,41559481.36191529,26888251.36191529,25869580.528973255,0,0.0,0.0
1118,45895303.00272976,40659316.874888785,25988086.874888785,25118955.23360061,0,0.0,0.0
1119,45482419.65423112,40509885.845933594,25838655.845933594,24994348.32912491,0,0.0,0.0
1120,45682111.191992715,40290472.18062473,25619242.18062473,24811384.60448909,0,0.0,0.0
1121,49383998.54413102,43805707.83175954,29134477.831759542,27742654.207951944,0,0.0,0.0
1122,50453895.177434035,44205002.750780106,29533772.750780106,28075616.539670523,0,0.0,0.0
1123,48228037.67060964,41423927.77458818,26752697.774588183,25756545.68590548,0,0.0,0.0
1124,45207351.59235668,37979639.2668729,23308409.266872898,22893283.564723965,0,0.0,0.0
1125,41121268.971792534,34022899.19062374,19351669.190623738,19556659.747476455,0,0.0,0.0
1126,36801181.61965422,29569323.28818165,14898093.288181651,15752974.24950134,0,0.0,0.0
1127,33110544.494995445,25855019.424131963,11183789.424131963,12580682.129137632,0,0.0,0.0
1128,33029542.85714286,26395985.328226008,11724755.328226008,13495541.579035955,0,0.0,0.0
1129,33305735.941765245,27201380.695168342,12530150.695168342,14147602.149631249,0,0.0,0.0
1130,32325841.128298454,26355061.72117694,11683831.721176941,13462409.192560304,0,0.0,0.0
1131,31935458.23475886,26332630.086776763,11661400.086776763,13444248.19371835,0,0.0,0.0
1132,31533262.602365796,26214477.37147405,11543247.37147405,13348589.924351636,0,0.0,0.0
1133,31418510.282074604,27048318.6613793,12377088.6613793,14023680.755015,0,0.0,0.0
1134,32829851.31938125,28650310.47755439,13979080.477554388,14895405.824265178,0,0.0,0.0
1135,35658158.507734306,32132188.032817334,17460958.032817334,17460958.032817334,0,0.0,0.0
1136,39529924.29481347,36422430.74565039,21751200.74565039,21594991.584286243,0,0.0,0.0
1137,43095121.38307552,40046813.90872972,25375583.908729717,24439167.021305475,0,0.0,0.0
1138,44294395.632393084,41237711.23386737,26566481.23386737,25373704.22881493,0,0.0,0.0
1139,44261769.97270245,40968599.83577088,26297369.835770883,25162523.458502084,0,0.0,0.0
1140,43793760.50955413,40299209.291502364,25627979.291502364,24637230.17186075,0,0.0,0.0
1141,42234478.98089172,38940000.901199214,24268770.901199214,23570613.607455857,0,0.0,0.0
1142,41215770.88262055,38146113.972143695,23474883.972143695,22947623.81807831,0,0.0,0.0
1143,40819200.36396724,38131114.21378834,23459884.213788338,22935853.002919987,0,0.0,0.0
1144,42633299.54504093,40205059.80839807,25533829.808398068,24563347.90411903,0,0.0,0.0
1145,46491002.547770694,44026486.25183594,29355256.251835942,27562149.834201798,0,0.0,0.0
1146,48022158.5077343,45347803.68077595,30676573.680775948,28599032.086105775,0,0.0,0.0
1147,45795738.48953594,43075502.9887913,28404272.9887913,26815881.264884755,0,0.0,0.0
1148,42481983.9854413,39931926.79609956,25260696.79609956,24349011.237805158,0,0.0,0.0
1149,39358920.83712467,36965125.55925913,22293895.55925913,22020862.467471868,0,0.0,0.0
1150,36307859.144676976,33832735.87862691,19161505.878626913,19516450.07479643,0,0.0,0.0
1151,33436238.58052775,31097849.508255143,16426619.508255143,17302243.68576766,0,0.0,0.0
1152,33047543.2211101,30867109.709292307,16195879.709292307,17428636.724298533,0,0.0,0.0
1153,33319236.21474068,31265634.86143702,16594404.861437019,17738320.045515276,0,0.0,0.0
1154,32914790.53685167,30736704.895733427,16065474.895733427,17327302.60385914,0,0.0,0.0
1155,32349466.606005464,30248547.660975866,15577317.660975866,16947968.56955254,0,0.0,0.0
1156,31795955.414012738,29708256.16541316,15037026.16541316,16528122.38451109,0,0.0,0.0
1157,31727329.02638763,29694550.15087093,15023320.15087093,16517471.80428738,0,0.0,0.0
1158,32631847.31574158,30641699.207041226,15970469.207041226,17253476.20406894,0,0.0,0.0
1159,33379987.443130113,31330258.263674032,16659028.263674032,17788537.176668447,0,0.0,0.0
1160,35812849.135577805,33614465.64941894,18943235.649418943,19563534.12669393,0,0.0,0.0
1161,39224480.618744306,36934553.27989675,22263323.27989675,22133238.198471915,0,0.0,0.0
1162,41574653.13921746,39351751.95850373,24680521.95850373,23965470.747841187,0,0.0,0.0
1163,42725551.41037307,40246668.19299514,25575438.19299514,24643815.754524328,0,0.0,0.0
1164,43409565.241128296,40869547.680217184,26198317.680217184,25115957.36246213,0,0.0,0.0
1165,43338126.296633296,40925679.835266635,26254449.835266635,25158505.44196346,0,0.0,0.0
1166,42606298.99909009,40293873.24808614,25622643.24808614,24679597.107210796,0,0.0,0.0
1167,42967993.812556855,40531633.70907019,25860403.70907019,24859819.138367563,0,0.0,0.0
1168,44701091.35577798,41729922.149497874,27058692.149497874,25768119.76897597,0,0.0,0.0
1169,47864655.32302092,44557849.747218154,29886619.747218154,27911684.151027013,0,0.0,0.0
1170,48379915.74158326,45080655.020204045,30409425.020204045,28307969.6722067,0,0.0,0.0
1171,46118057.50682438,42706878.69586488,28035648.69586488,27043524.724489275,0,0.0,0.0
1172,43173310.464058235,39648532.15401874,24977302.154018737,24977302.154018737,0,0.0,0.0
1173,39657051.865332104,35756093.21877995,21084863.21877995,21227736.084637687,0,0.0,0.0
1174,35721722.292993635,31932413.687840804,17261183.687840804,18256456.17912311,0,0.0,0.0
1175,32628472.247497734,29177889.295316774,14506659.295316774,16115988.36257829,0,0.0,0.0
1176,33042480.618744306,29452491.08160415,14781261.08160415,16413982.659648431,0,0.0,0.0
1177,33339486.62420381,29460506.568632,14789276.568632,16420823.781774176,0,0.0,0.0
1178,32739286.98817106,29016515.822598554,14345285.822598554,16041883.000538513,0,0.0,0.0
1179,32275215.104640577,28557800.24998542,13886570.24998542,15650374.756270096,0,0.0,0.0
1180,31861769.244767968,28254703.53369466,13583473.533694658,15391685.34103499,0,0.0,0.0
1181,32694848.589626934,29279240.487244718,14608010.487244718,16266115.353488043,0,0.0,0.0
1182,37498133.21201092,33804872.15056768,19133642.15056768,19969868.077171315,0,0.0,0.0
1183,43896137.579617836,39920967.88562953,25249737.885629527,25249737.885629527,0,0.0,0.0
1184,47048451.31938125,43298265.32984382,28627035.32984382,28182478.48266817,0,0.0,0.0
1185,49254620.92811647,45642848.49269911,30971618.49269911,30141306.532405384,0,0.0,0.0
1186,50050574.522293,46844283.254525736,32173053.254525736,31145068.79969447,0,0.0,0.0
1187,50395956.505914465,47458798.47418547,32787568.474185467,31658477.608701687,0,0.0,0.0
1188,50306517.19745222,47212635.01324886,32541405.01324886,31452815.51074659,0,0.0,0.0
1189,49830070.06369427,46625342.34266373,31954112.342663728,30962150.314999703,0,0.0,0.0
1190,48942989.62693357,46001106.03366996,31329876.033669963,30440619.830991466,0,0.0,0.0
1191,48534606.36942675,45953711.81711241,31282481.81711241,30401023.401972003,0,0.0,0.0
1192,49272058.78070973,46965082.45479472,32293852.45479472,31245992.86398934,0,0.0,0.0
1193,51532791.992720656,49361090.72235101,34689860.72235101,33247785.027409922,0,0.0,0.0
1194,52548687.534121916,50538868.98593913,35867638.98593913,34231783.008644946,0,0.0,0.0
1195,51126096.26933575,49282908.18648102,34611678.18648102,33182465.89235515,0,0.0,0.0
1196,47831467.15195633,46063189.944875956,31391959.944875956,30492489.053902555,0,0.0,0.0
1197,42732864.05823476,40821190.15825128,26149960.158251278,26112957.38216086,0,0.0,0.0
1198,37448632.21110101,35157938.5215346,20486708.5215346,21283513.67916072,0,0.0,0.0
1199,33167920.65514103,29185160.899831746,14513930.899831746,16185819.55302126,0,0.0,0.0
1200,33096481.71064604,27821003.365568444,13149773.365568444,14845502.65698428,0,0.0,0.0
1201,32968791.62875341,27718980.95741974,13047750.957419738,14763598.713303823,0,0.0,0.0
1202,32006334.66787989,26888056.69683156,12216826.696831562,14096529.830331152,0,0.0,0.0
1203,31331321.019108277,26190272.1101742,11519042.110174201,13536345.940108007,0,0.0,0.0
1204,30877936.851683345,26174321.94416058,11503091.94416058,13523541.091422511,0,0.0,0.0
1205,31944458.416742496,26838789.296649076,12167559.296649076,14056977.790313171,0,0.0,0.0
1206,36668428.935395814,31180087.08123088,16508857.081230879,16596399.118755845,0,0.0,0.0
1207,42582673.52138307,36826609.17043336,22155379.170433357,22065244.384940606,0,0.0,0.0
1208,45089224.20382166,38615315.13596517,23944085.13596517,23457535.71607828,0,0.0,0.0
1209,46707006.915377624,39882347.67902243,25211117.67902243,24443767.36060879,0,0.0,0.0
1210,46962387.079162866,40081168.378801055,25409938.378801055,24598525.237021517,0,0.0,0.0
1211,46574816.74249318,40046991.44620125,25375761.44620125,24571922.6271457,0,0.0,0.0
1212,46737382.52957234,40380670.91107188,25709440.91107188,24831651.7471187,0,0.0,0.0
1213,46337999.45404914,38583042.17561719,23911812.17561719,23432415.11840123,0,0.0,0.0
1214,45427856.050955415,36750033.98402552,22078803.984025523,22005639.86062504,0,0.0,0.0
1215,45674798.54413102,37098706.94594966,22427476.94594966,22277039.605269354,0,0.0,0.0
1216,46795883.71246587,38875845.66615545,24204615.66615545,23660327.234455526,0,0.0,0.0
1217,49933572.1565059,44100760.09585267,29429530.095852673,27727291.401056692,0,0.0,0.0
1218,51565980.16378525,46850946.95405762,32179716.95405762,29867979.35954353,0,0.0,0.0
1219,50199077.52502274,46309891.94484087,31638661.94484087,29446833.45098323,0,0.0,0.0
1220,47632900.63694268,44041911.09536579,29370681.095365793,27681484.56930073,0,0.0,0.0
1221,43598569.062784344,40008568.94324924,25337338.94324924,24542015.35406027,0,0.0,0.0
1222,38337400.18198361,34520002.16299557,19848772.16299557,20223482.1634098,0,0.0,0.0
1223,34564073.88535032,31150536.964119025,16479306.964119025,17518463.79646642,0,0.0,0.0
1224,34436946.31483167,31549257.636957757,16878027.636957757,18599075.443421915,0,0.0,0.0
1225,34270442.94813467,31972881.449684754,17301651.449684754,18957313.548998233,0,0.0,0.0
1226,33660680.618744306,32160500.698531233,17489270.698531233,19115974.04507315,0,0.0,0.0
1227,33282672.975432206,31463220.278640553,16791990.278640553,18526317.82374531,0,0.0,0.0
1228,33074543.76706097,31207146.09101347,16535916.091013469,18309768.307154175,0,0.0,0.0
1229,34173128.48043676,32224994.58956285,17553764.58956285,19170513.399685156,0,0.0,0.0
1230,39020288.9899909,36989387.04841586,22318157.048415862,23199528.94934106,0,0.0,0.0
1231,45206789.080982715,43255858.08093451,28584628.08093451,28487629.383735497,0,0.0,0.0
1232,48308476.79708826,46414236.14357854,31743006.143578537,31095232.578306958,0,0.0,0.0
1233,49900383.9854413,47880837.95358421,33209607.95358421,32306080.516420346,0,0.0,0.0
1234,50136076.25113739,48103627.70360013,33432397.70360013,32490018.997608032,0,0.0,0.0
1235,50331830.20928115,48409280.8269689,33738050.8269689,32742370.693674427,0,0.0,0.0
1236,50438707.37033667,48767785.60076684,34096555.60076684,33038357.486541808,0,0.0,0.0
1237,50293016.9244768,48862702.00953783,34191472.00953783,33116721.86402273,0,0.0,0.0
1238,49545439.308462225,48204944.882551074,33533714.882551074,32573667.944712322,0,0.0,0.0
1239,49468375.250227466,47976560.446609505,33305330.446609505,32385110.40886966,0,0.0,0.0
1240,50061824.74977252,48469038.95959412,33797808.95959412,32791707.883347273,0,0.0,0.0
1241,52405247.13375795,50604023.17870487,35932793.17870487,34554382.12933424,0,0.0,0.0
1242,53601708.826205626,51786057.82183092,37114827.82183092,35530287.24593997,0,0.0,0.0
1243,52057615.10464058,50114569.08677954,35443339.08677954,34588385.00515371,0,0.0,0.0
1244,49501000.9099181,47235395.6112949,32564165.611294903,32564165.611294903,0,0.0,0.0
1245,44721341.765241124,42126157.17188458,27454927.17188458,27543446.223411642,0,0.0,0.0
1246,39339232.93903548,36166703.4367658,21495473.436765797,22503825.332896486,0,0.0,0.0
1247,35620470.245677896,31892279.907934345,17221049.907934345,18889152.735664047,0,0.0,0.0
1248,35543406.18744313,31750685.541856747,17079455.541856747,18509195.945811506,0,0.0,0.0
1249,35651970.88262056,32042399.828956112,17371169.828956112,18745376.394063346,0,0.0,0.0
1250,34658013.28480436,31151400.778178338,16480170.778178338,18023997.412947573,0,0.0,0.0
1251,34317131.392174706,30701458.124900494,16030228.124900494,17659710.63565105,0,0.0,0.0
1252,33918310.828025475,30066521.402110152,15395291.402110152,17145647.230353735,0,0.0,0.0
1253,34997207.643312104,30507289.47771326,15836059.47771326,17502506.000303455,0,0.0,0.0
1254,39398296.63330301,34456570.9729983,19785340.9729983,20699960.2049081,0,0.0,0.0
1255,45486919.74522292,40227577.41368976,25556347.413689762,25353374.43009409,0,0.0,0.0
1256,48384978.34394903,42903595.31402764,28232365.314027637,27467498.32306453,0,0.0,0.0
1257,50048886.988171056,44119628.71758,29448398.717579998,28428196.408370923,0,0.0,0.0
1258,49890821.29208371,43802352.26770276,29131122.26770276,28177539.743003465,0,0.0,0.0
1259,50020198.90809826,44241154.6566725,29569924.6566725,28524205.0678865,0,0.0,0.0
1260,50055074.61328479,44009582.87632166,29338352.87632166,28341257.32537865,0,0.0,0.0
1261,49772693.90354868,44085570.8895435,29414340.889543504,28401289.8364883,0,0.0,0.0
1262,48413666.42402184,43057436.67078532,28386206.670785323,27589037.004852634,0,0.0,0.0
1263,48055909.19017287,42858841.19620477,28187611.196204767,27432141.403446704,0,0.0,0.0
1264,48991928.11646953,43530915.31894846,28859685.318948463,27963097.47835196,0,0.0,0.0
1265,51970425.84167425,45622654.089290276,30951424.089290276,29615625.62910682,0,0.0,0.0
1266,54165345.22292993,47523183.54143508,32851953.541435078,31117093.434522495,0,0.0,0.0
1267,52652752.13830755,45705006.42849511,31033776.42849511,29680686.123632275,0,0.0,0.0
1268,50081512.64786169,43196733.42129898,28525503.42129898,28322319.1210837,0,0.0,0.0
1269,45108912.10191083,38129492.59341273,23458262.593412727,23673665.34403231,0,0.0,0.0
1270,39574362.6933576,32128823.689516634,17457593.689516634,18815347.687995497,0,0.0,0.0
1271,36340484.8043676,29317996.226034038,14646766.226034038,16539619.279610187,0,0.0,0.0
1272,35802161.41947224,28771519.85816348,14100289.85816348,15430781.688404176,0,0.0,0.0
1273,35801036.39672429,28615043.00835912,13943813.00835912,15307259.359218132,0,0.0,0.0
1274,35393778.161965415,27943531.9757195,13272301.9757195,14777170.67881917,0,0.0,0.0
1275,34783453.32120108,27421099.901718374,12749869.901718374,14364764.45577209,0,0.0,0.0
1276,34800328.662420385,28328233.581491463,13657003.581491463,15080852.906867476,0,0.0,0.0
1277,35304338.85350318,28731604.861582443,14060374.861582443,15399272.916638214,0,0.0,0.0
1278,39925369.79071884,33153360.144657,18482130.144657,18889792.519627377,0,0.0,0.0
1279,46010617.83439491,38740057.95368368,24068827.95368368,23227785.5524935,0,0.0,0.0
1280,48815862.05641491,41268810.3040347,26597580.304034702,25174017.257277966,0,0.0,0.0
1281,50092762.87534122,42589107.20105285,27917877.201052852,26190171.994751006,0,0.0,0.0
1282,50055637.12465878,41682214.975285284,27010984.975285284,25492190.477357123,0,0.0,0.0
1283,49321559.78161966,40489421.60981715,25818191.609817147,24574167.696356665,0,0.0,0.0
1284,48839487.534121916,39930051.58828248,25258821.58828248,24143653.545587562,0,0.0,0.0
1285,48582982.34758872,39611476.54305129,24940246.543051288,23898465.101849288,0,0.0,0.0
1286,47094014.74067334,37612883.54412288,22941653.544122882,22360265.81597029,0,0.0,0.0
1287,46626567.788899004,37207877.98535411,22536647.98535411,22048556.89794188,0,0.0,0.0
1288,46872947.77070063,36901233.35335168,22230003.353351682,21812550.590395693,0,0.0,0.0
1289,49850320.473157406,39247560.89833474,24576330.89833474,23618380.66988973,0,0.0,0.0
1290,51396664.240218386,40405565.09974541,25734335.099745408,24641174.459915716,0,0.0,0.0
1291,49908259.14467698,38835565.498613805,24164335.498613805,24164335.498613805,0,0.0,0.0
1292,46793071.155595995,35816643.00671108,21145413.00671108,21145413.00671108,0,0.0,0.0
1293,42450483.348498635,31190343.46871372,16519113.46871372,17340193.378625095,0,0.0,0.0
1294,38082582.52957234,26896588.691693116,12225358.691693116,13950716.969338672,0,0.0,0.0
1295,35379152.866242036,24433283.69556928,9762053.69556928,12006191.814357037,0,0.0,0.0
1296,35256525.386715196,24788067.957011327,10116837.957011327,11271413.870290395,0,0.0,0.0
1297,35222774.70427662,24988772.678629503,10317542.678629503,11416212.36848613,0,0.0,0.0
1298,34372257.506824374,24308177.18797146,9636947.187971462,10925196.491373114,0,0.0,0.0
1299,33601616.92447679,23900951.346503247,9229721.346503247,10631403.25225206,0,0.0,0.0
1300,32762349.95450409,23282081.925094083,8610851.925094083,10184919.671413397,0,0.0,0.0
1301,33018292.62966333,23106723.5330483,8435493.533048298,10058407.292384509,0,0.0,0.0
1302,33874434.940855324,23749084.788481265,9077854.788481265,9921807.664194848,0,0.0,0.0
1303,36659991.26478617,26142280.781699754,11471050.781699754,11471050.781699754,0,0.0,0.0
1304,40852951.04640583,29937049.142237194,15265819.142237194,14964709.900330061,0,0.0,0.0
1305,43388752.32029116,32351315.344903007,17680085.344903007,16655120.694277635,0,0.0,0.0
1306,43704321.20109189,32485271.580216013,17814041.580216013,16748913.60983916,0,0.0,0.0
1307,43581693.72156506,32513814.132981427,17842584.132981427,16768898.414840452,0,0.0,0.0
1308,43015244.76797088,32426106.44336901,17754876.44336901,16707487.612225013,0,0.0,0.0
1309,41448650.591446765,31123046.44131746,16451816.441317461,15795116.519842131,0,0.0,0.0
1310,40355128.480436765,30354003.07242067,15682773.072420672,15256650.956118679,0,0.0,0.0
1311,39940557.59781619,30237171.836767092,15565941.836767092,15174848.551064517,0,0.0,0.0
1312,41409837.30664238,31763398.985376403,17092168.985376403,16243475.881048355,0,0.0,0.0
1313,44728091.90172884,34876143.68017061,20204913.68017061,18422944.418972254,0,0.0,0.0
1314,47261080.6187443,36713611.955692224,22042381.955692224,19709495.257089548,0,0.0,0.0
1315,46195684.076433115,35108796.91468961,20437566.914689608,18585842.585894965,0,0.0,0.0
1316,43018057.32484075,32178739.94590288,17507509.94590288,16534287.574500911,0,0.0,0.0
1317,39541174.522292994,28445778.834454566,13774548.834454566,13910270.78216495,0,0.0,0.0
1318,36248795.45040946,25062648.44652947,10391418.44652947,11469510.069500469,0,0.0,0.0
1319,33083543.949044585,21907665.06794332,7236435.06794332,9193346.104006562,0,0.0,0.0
1320,33052043.312101908,22109587.844936363,7438357.844936363,9071995.91620934,0,0.0,0.0
1321,33865997.27024567,23337187.88087082,8665957.88087082,10046343.35413728,0,0.0,0.0
1322,32954728.844404,22754205.873294245,8082975.873294245,9583629.922389992,0,0.0,0.0
1323,32557595.8143767,26748503.981815442,12077273.981815442,12753908.526524708,0,0.0,0.0
1324,31926458.052775253,22193133.6279321,7521903.6279321015,9138306.291925171,0,0.0,0.0
1325,32012522.292993624,22403546.28593148,7732316.285931479,9305311.039585706,0,0.0,0.0
1326,32938978.52593267,23350549.571340375,8679319.571340375,10056948.54189738,0,0.0,0.0
1327,33439051.137397625,24061572.4929915,9390342.4929915,10235966.859698085,0,0.0,0.0
1328,36616677.888989985,27250455.823661577,12579225.823661577,12579225.823661577,0,0.0,0.0
1329,39680677.34303913,30435175.86112632,15763945.861126319,15670053.617160708,0,0.0,0.0
1330,41449213.10282074,32251800.776141867,17580570.776141867,17067683.15284277,0,0.0,0.0
1331,42542735.21383075,33478649.131489664,18807419.131489664,18011565.11937539,0,0.0,0.0
1332,42988244.22202002,34412115.33942846,19740885.339428462,18729732.051906537,0,0.0,0.0
1333,42272729.75432211,34556577.635759026,19885347.635759026,18840874.847799726,0,0.0,0.0
1334,41768157.051865324,34219159.66083217,19547929.660832167,18581280.627919838,0,0.0,0.0
1335,41770969.60873522,33924023.98091164,19252793.980911642,18354216.504841357,0,0.0,0.0
1336,43472004.00363966,35396385.789254524,20725155.789254524,19486985.48402969,0,0.0,0.0
1337,46688444.040036395,37805116.41753446,23133886.417534463,21340154.534921627,0,0.0,0.0
1338,49745693.357597806,40043638.02603799,25372408.02603799,23062372.41845223,0,0.0,0.0
1339,48088534.84986351,37724266.22357019,23053036.22357019,21277952.03064236,0,0.0,0.0
1340,45206226.56960873,34839895.982402086,20168665.982402086,19058847.245951906,0,0.0,0.0
1341,41198333.03002729,31000842.103584036,16329612.103584036,16105251.79222836,0,0.0,0.0
1342,36833244.767970875,26623022.019136067,11951792.019136067,12654313.360946406,0,0.0,0.0
1343,33515552.68425841,23288467.969541233,8617237.969541233,10007674.309342138,0,0.0,0.0
1344,33935186.16924476,23707243.07208123,9036013.07208123,11213500.467276152,0,0.0,0.0
1345,34884142.85714286,25224539.368428826,10553309.368428826,12510814.649579804,0,0.0,0.0
1346,34294068.425841674,25776276.55055554,11105046.550555538,12982559.33978977,0,0.0,0.0
1347,34071313.921747044,26614430.79496097,11943200.794960968,13699195.497699473,0,0.0,0.0
1348,33880060.05459508,26256453.22538428,11585223.22538428,13393118.577142596,0,0.0,0.0
1349,34343006.91537762,26651814.518887557,11980584.518887557,13731159.218532398,0,0.0,0.0
1350,40241501.182893544,32132869.258380935,17461639.258380935,17816398.857047867,0,0.0,0.0
1351,46488752.50227478,38130181.07052504,23458951.070525043,23458951.070525043,0,0.0,0.0
1352,49607315.55959962,40430863.52152001,25759633.52152001,25470118.896638747,0,0.0,0.0
1353,51590168.152866244,41945606.15316637,27274376.15316637,26727654.19734902,0,0.0,0.0
1354,52038489.71792538,42718923.04988401,28047693.049884006,27369659.826517295,0,0.0,0.0
1355,52567812.92083713,43128321.887626946,28457091.887626946,27709541.651835643,0,0.0,0.0
1356,52721378.52593269,43251515.456287876,28580285.456287876,27811816.624609876,0,0.0,0.0
1357,53608458.96269334,45222014.82613555,30550784.826135553,29447719.956199273,0,0.0,0.0
1358,52206680.61874432,44576485.614376836,29905255.614376836,28911803.32292676,0,0.0,0.0
1359,52583563.23930846,44853993.30230906,30182763.30230906,29142189.466752373,0,0.0,0.0
1360,53458268.425841674,46089055.67222822,31417825.672228217,30167534.958655573,0,0.0,0.0
1361,54404412.55686988,47044473.48863746,32373243.488637462,30960720.286618706,0,0.0,0.0
1362,55285305.36851682,48306042.2064102,33634812.2064102,32008071.277952902,0,0.0,0.0
1363,54491039.30846224,47580907.68835607,32909677.68835607,31406066.53129474,0,0.0,0.0
1364,52973383.62147405,46024911.87923391,31353681.87923391,30114282.95245561,0,0.0,0.0
1365,48217349.954504095,42110625.63816316,27439395.638163157,26864652.93452916,0,0.0,0.0
1366,42258666.9699727,36263586.242396966,21592356.242396966,21949387.789965793,0,0.0,0.0
1367,37635385.98726114,31881237.07045391,17210007.07045391,18202404.58948355,0,0.0,0.0
1368,37739450.591446765,32588077.2974537,17916847.2974537,19618416.39018777,0,0.0,0.0
1369,37955454.95905368,32961636.512881234,18290406.512881234,19929527.457026977,0,0.0,0.0
1370,37133625.841674246,32671180.681410443,17999950.681410443,19687627.324821368,0,0.0,0.0
1371,36819744.494995445,32248706.60996138,17577476.60996138,19335778.53177261,0,0.0,0.0
1372,36657178.7079163,31706435.78686979,17035205.78686979,18884159.49168359,0,0.0,0.0
1373,40062060.05459508,34674228.39495,20002998.394950002,21355824.187200733,0,0.0,0.0
1374,44568338.67151957,38395223.28990626,23723993.289906263,24454777.830060646,0,0.0,0.0
1375,51101908.28025478,44621727.00267632,29950497.002676323,29600997.826528758,0,0.0,0.0
1376,53911090.08189263,46573467.90398627,31902237.903986268,31185015.804027174,0,0.0,0.0
1377,55640812.55686987,48074824.16326479,33403594.16326479,32403505.053153828,0,0.0,0.0
1378,55114301.91082803,46525199.439762324,31853969.439762324,31145841.487894505,0,0.0,0.0
1379,55397807.6433121,47753065.13474968,33081835.13474968,32142367.888252333,0,0.0,0.0
1380,55425933.21201092,49289835.06996599,34618605.06996599,33389598.60572507,0,0.0,0.0
1381,55684125.93266607,49541093.9937803,34869863.9937803,33593518.42523678,0,0.0,0.0
1382,54418475.34121928,50505579.246028736,35834349.246028736,34376287.274097934,0,0.0,0.0
1383,52957633.30300272,49152628.03911935,34481398.03911935,33278242.429628946,0,0.0,0.0
1384,52914319.92720655,48763885.548077375,34092655.548077375,32962741.99921079,0,0.0,0.0
1385,54394287.3521383,48356488.049495235,33685258.049495235,32632101.307452556,0,0.0,0.0
1386,55300493.17561419,47969263.71837842,33298033.718378417,32338673.85809035,0,0.0,0.0
1387,54667667.8798908,47182966.77852026,32511736.778520256,32466480.422586642,0,0.0,0.0
1388,53499894.267515935,46644557.77196062,31973327.771960624,31973327.771960624,0,0.0,0.0
1389,49439687.17015468,42311158.54545254,27639928.545452543,27716083.52059729,0,0.0,0.0
1390,43424753.048225656,36053304.58827516,21382074.588275157,22504359.27357758,0,0.0,0.0
1391,38951662.60236578,31658212.645405423,16986982.645405423,18843997.845637325,0,0.0,0.0
1392,38166959.23566878,31083478.04124016,16412248.04124016,17691507.63141413,0,0.0,0.0
1393,38003830.93721564,30633451.25857151,15962221.25857151,17344042.16803794,0,0.0,0.0
1394,38165834.21292083,31280817.307698507,16609587.307698507,17843873.1845389,0,0.0,0.0
1395,38148396.36032756,30125514.44360982,15454284.443609819,16951864.396461967,0,0.0,0.0
1396,38844222.92993631,29754399.17745555,15083169.177455548,16665326.477195019,0,0.0,0.0
1397,40058122.47497725,29743557.5777272,15072327.577727199,16656955.683236912,0,0.0,0.0
1398,44521087.71610554,33434448.312376343,18763218.312376343,19506690.651855513,0,0.0,0.0
1399,50059574.704276614,38440188.78876641,23768958.788766406,23336356.108469386,0,0.0,0.0
1400,52504249.1355778,40034547.055675894,25363317.055675894,24535108.092576895,0,0.0,0.0
1401,54050030.39126479,41150367.992936894,26479137.992936894,25374061.664187334,0,0.0,0.0
1402,53429580.34576888,40398215.08954571,25726985.089545712,24808539.59552445,0,0.0,0.0
1403,53690585.62329389,40936425.46621371,26265195.46621371,25213204.4505251,0,0.0,0.0
1404,53880151.95632393,41055493.92375989,26384263.923759893,25302728.588662993,0,0.0,0.0
1405,54952298.635122836,42154401.36738868,27483171.36738868,26128965.392360847,0,0.0,0.0
1406,53080260.78252957,40477326.52861808,25806096.528618082,24868021.20422048,0,0.0,0.0
1407,52093615.83257506,39582380.780213326,24911150.780213326,24195137.314924795,0,0.0,0.0
1408,52293307.37033665,39914727.45876205,25243497.45876205,24445019.194418605,0,0.0,0.0
1409,54178282.98453138,41703795.27348703,27032565.27348703,25790167.670213625,0,0.0,0.0
1410,54741356.869881704,42307053.4159832,27635823.4159832,26243740.063730955,0,0.0,0.0
1411,53107261.32848044,41014638.610792145,26343408.610792145,25843863.477587212,0,0.0,0.0
1412,51166597.088262066,39339849.14395918,24668619.14395918,24668619.14395918,0,0.0,0.0
1413,46556253.86715195,34401424.49024519,19730194.490245193,20253292.495693628,0,0.0,0.0
1414,42211416.01455869,30026895.165878147,15355665.165878147,16875720.499355093,0,0.0,0.0
1415,38389713.73976342,26041494.354607567,11370264.354607567,13798594.441620857,0,0.0,0.0
1416,37971205.27752503,25664688.0060542,10993458.0060542,12380959.804317595,0,0.0,0.0
1417,37880078.43494087,25360902.49499773,10689672.494997729,12128909.984911961,0,0.0,0.0
1418,36804556.68789808,24138892.40496704,9467662.40496704,11115012.312725563,0,0.0,0.0
1419,36461987.2611465,23752687.78027593,9081457.78027593,10794579.631231,0,0.0,0.0
1420,35991165.24112831,23353746.545674413,8682516.545674413,10463579.42722165,0,0.0,0.0
1421,37255690.80982711,24363294.66780244,9692064.667802438,11026994.813425282,0,0.0,0.0
1422,40757324.11282984,27649946.687982112,12978716.687982112,12978716.687982112,0,0.0,0.0
1423,46995012.73885349,33700937.35226639,19029707.352266394,19029707.352266394,0,0.0,0.0
1424,49283309.00818926,35842029.50016214,21170799.50016214,20790116.845331334,0,0.0,0.0
1425,52191492.811646946,38548248.02811472,23877018.02811472,22988917.51312313,0,0.0,0.0
1426,53359828.93539582,39553565.86243333,24882335.86243333,23805737.552824482,0,0.0,0.0
1427,54147344.858962685,40211649.72921078,25540419.72921078,24340430.235912435,0,0.0,0.0
1428,54533227.66151046,40630834.39302255,25959604.393022552,24681017.483097803,0,0.0,0.0
1429,54581041.128298454,40631837.609218046,25960607.609218046,24681832.595557425,0,0.0,0.0
1430,53011071.883530475,39117411.39431698,24446181.39431698,23451362.351469193,0,0.0,0.0
1431,52405247.13375795,38540688.24353941,23869458.243539408,22982775.193424683,0,0.0,0.0
1432,53353078.798908114,39671725.61494823,25000495.614948228,23901742.269388333,0,0.0,0.0
1433,54967486.4422202,41256505.04263365,26585275.042633653,25189374.44982932,0,0.0,0.0
1434,56256200.0,42709196.50222995,28037966.50222995,26369685.248260055,0,0.0,0.0
1435,53340703.54868062,39940703.30121589,25269473.301215887,24120286.452009767,0,0.0,0.0
1436,49714192.720655136,36362815.90749958,21691585.90749958,21213255.43831733,0,0.0,0.0
1437,45136475.15923568,32008005.819248743,17336775.819248743,17643989.31381615,0,0.0,0.0
1438,40046872.247497715,27180486.704274684,12509256.704274684,13638612.899138052,0,0.0,0.0
1439,37471695.17743403,24636565.993560355,9965335.993560355,11527930.419621663,0,0.0,0.0
1440,37767576.16014557,24771871.73931189,10100641.739311889,11666104.925719306,0,0.0,0.0
1441,37889641.12829846,24695300.816809088,10024070.816809088,11602793.26994335,0,0.0,0.0
1442,37433444.404003635,24437605.59331166,9766375.59331166,11389721.37852683,0,0.0,0.0
1443,36767993.44858962,23966472.33552033,9295242.33552033,11000171.067952968,0,0.0,0.0
1444,36427111.55595997,23840680.452717446,9169450.452717446,10896161.711357642,0,0.0,0.0
1445,37473945.222929925,24712220.960578002,10040990.960578002,11616783.467304992,0,0.0,0.0
1446,40200437.852593265,28124118.119718187,13452888.119718187,14433557.207280384,0,0.0,0.0
1447,44660028.02547771,32233823.43682082,17562593.43682082,17582483.81120987,0,0.0,0.0
1448,49109492.99363057,36133213.932953015,21461983.932953015,21013739.14131043,0,0.0,0.0
1449,52054802.54777069,38952746.35503483,24281516.35503483,23288773.812757235,0,0.0,0.0
1450,53390204.54959052,40363819.34799367,25692589.347993672,24427345.569471866,0,0.0,0.0
1451,53955528.48043676,41035645.78454116,26364415.78454116,24969431.350919135,0,0.0,0.0
1452,54199658.416742496,41201321.8106948,26530091.8106948,25103112.631111242,0,0.0,0.0
1453,53467268.607825294,40257314.04947991,25586084.04947991,24341408.183218062,0,0.0,0.0
1454,52412559.78161965,39314870.61665232,24643640.616652317,23580965.966356784,0,0.0,0.0
1455,51199785.25932665,38095034.1184688,23423804.1184688,22596699.81459015,0,0.0,0.0
1456,51469228.207461335,38342248.89699814,23671018.896998137,22796173.3826341,0,0.0,0.0
1457,54006154.50409462,40726819.34027023,26055589.34027023,24720244.3358405,0,0.0,0.0
1458,55094051.50136487,41832266.07521123,27161036.075211227,25612211.25550852,0,0.0,0.0
1459,52275307.00636942,39069562.05612843,24398332.056128427,23383030.494494937,0,0.0,0.0
1460,48499168.152866244,35560897.03737028,20889667.03737028,20551945.983583894,0,0.0,0.0
1461,44190331.02820745,31611451.36347195,16940221.36347195,17321320.987681787,0,0.0,0.0
1462,40168374.70427661,28018205.833807327,13346975.833807327,14350293.387951244,0,0.0,0.0
1463,37674761.78343949,26128645.478052244,11457415.478052244,12787935.368729271,0,0.0,0.0
1464,37782201.45586897,26958191.96186282,12286961.961862821,13844603.531788627,0,0.0,0.0
1465,37569572.156505905,27603179.457714085,12931949.457714085,14356044.32609374,0,0.0,0.0
1466,36958684.8043676,27399514.37439525,12728284.374395251,14194548.742606,0,0.0,0.0
1467,36501363.05732485,27164470.996136814,12493240.996136814,14008171.83941658,0,0.0,0.0
1468,35866850.22747952,26740442.740563296,12069212.740563296,13671939.975646706,0,0.0,0.0
1469,36031103.54868062,26994395.560303092,12323165.560303092,13873311.060635453,0,0.0,0.0
1470,36626240.58234759,27437981.93942817,12766751.93942817,14225051.476600012,0,0.0,0.0
1471,38443714.83166515,29132896.91030508,14461666.91030508,14947313.418890648,0,0.0,0.0
1472,42324480.80072793,33112016.766957246,18440786.766957246,18440786.766957246,0,0.0,0.0
1473,46552316.28753412,37485567.82147635,22814337.821476348,22122608.6475194,0,0.0,0.0
1474,48055909.19017287,39060901.69279135,24389671.69279135,23335279.69947262,0,0.0,0.0
1475,48499730.66424022,39831165.71139456,25159935.711394563,23928218.6914728,0,0.0,0.0
1476,48705609.82711555,40375538.617991455,25704308.617991455,24347269.71127131,0,0.0,0.0
1477,48685359.41765241,40603759.14592341,25932529.145923413,24522950.836856168,0,0.0,0.0
1478,47053513.921747044,39115830.938878484,24444600.938878484,23377563.50219431,0,0.0,0.0
1479,46547253.68516834,38226049.898349315,23554819.898349315,22692621.897069156,0,0.0,0.0
1480,47824717.01546861,38844057.38887383,24172827.38887383,23168355.839756303,0,0.0,0.0
1481,50218765.42311193,40986995.245459035,26315765.245459035,24817960.88674634,0,0.0,0.0
1482,51434915.01364877,41834308.48671804,27163078.486718044,25470211.34509124,0,0.0,0.0
1483,49358685.53230208,39730450.17948783,25059220.179487832,23850689.215182535,0,0.0,0.0
1484,46604067.33393994,37509864.72862072,22838634.728620723,22141312.083332267,0,0.0,0.0
1485,43130559.59963603,34210535.3165863,19539305.3165863,19595326.25086685,0,0.0,0.0
1486,39474798.18016378,31151921.746118337,16480691.746118337,17170008.296620347,0,0.0,0.0
1487,37711325.022747956,29874942.270739876,15203712.270739876,16157431.46156571,0,0.0,0.0
1488,37597697.72520474,29691796.719370507,15020566.719370507,16234437.173659083,0,0.0,0.0
1489,37241065.51410373,29459694.022273943,14788464.022273943,16047483.943170652,0,0.0,0.0
1490,36101417.47042766,28486324.46955035,13815094.469550349,15263457.800359186,0,0.0,0.0
1491,35660408.55323021,31137806.919932213,16466576.919932213,17399164.174663164,0,0.0,0.0
1492,34807078.79890811,27586420.915742606,12915190.915742606,14538606.781319167,0,0.0,0.0
1493,34581511.73794358,27422252.917846505,12751022.917846505,14406373.343563274,0,0.0,0.0
1494,34975269.69972702,27572700.14294322,12901470.142943218,14527555.023490708,0,0.0,0.0
1495,35520343.22111009,28075991.528379347,13404761.528379347,14932944.3255596,0,0.0,0.0
1496,37997643.31210192,30978454.336603094,16307224.336603094,17095980.2312485,0,0.0,0.0
1497,41967848.58962694,35028455.15647505,20357225.156475052,20357225.156475052,0,0.0,0.0
1498,44473274.24931755,37835847.10479123,23164617.10479123,22762462.306637622,0,0.0,0.0
1499,45905990.7188353,39512047.51437527,24840817.51437527,24084613.244951993,0,0.0,0.0
1500,46880822.929936305,40751599.4962994,26080369.4962994,25062345.267101515,0,0.0,0.0
1501,47480460.05459508,41785364.70816017,27114134.70816017,25877757.097956304,0,0.0,0.0
1502,46379062.7843494,40284869.23808999,25613639.238089994,24694198.4480798,0,0.0,0.0
1503,46671006.18744314,41027398.55740856,26356168.557408556,25279889.65221604,0,0.0,0.0
1504,47985595.26842586,42305459.89443606,27634229.89443606,26287997.02786904,0,0.0,0.0
1505,49678754.50409462,43694434.89845526,29023204.898455262,27383590.725590978,0,0.0,0.0
1506,50881966.33303003,45141350.32410666,30470120.324106663,28524886.585410815,0,0.0,0.0
1507,49235495.541401275,43847629.352481574,29176399.352481574,27504427.225795474,0,0.0,0.0
1508,46416188.53503185,41593688.001166135,26922458.001166135,25726566.621831767,0,0.0,0.0
1509,42670425.29572338,38617528.22693297,23946298.226932973,23379035.613261998,0,0.0,0.0
1510,38695157.415832564,34244348.51431113,19573118.514311127,19901409.921830013,0,0.0,0.0
1511,35579969.4267516,30898033.483592242,16226803.483592242,17206032.345219497,0,0.0,0.0
1512,35997352.866242036,31187702.99084775,16516472.990847751,17882252.67047549,0,0.0,0.0
1513,36385485.71428571,31301194.517174117,16629964.517174117,17979422.52067482,0,0.0,0.0
1514,35581656.960873514,30229975.474970732,15558745.474970732,17062259.828173485,0,0.0,0.0
1515,35189024.021838024,29729050.106932223,15057820.106932223,16633374.566437071,0,0.0,0.0
1516,35201961.783439495,29618476.531590883,14947246.531590883,16538703.024871713,0,0.0,0.0
1517,36446799.45404914,30873797.749905378,16202567.749905378,17613491.41378535,0,0.0,0.0
1518,40993016.378525935,35782825.81055548,21111595.81055548,21816532.26377767,0,0.0,0.0
1519,46993887.71610554,42191202.000872195,27519972.000872195,27281417.986414142,0,0.0,0.0
1520,49353060.418562315,45253060.04733396,30581830.047333963,29858449.33920372,0,0.0,0.0
1521,50564709.918107376,47069471.48854729,32398241.488547288,31387243.020211138,0,0.0,0.0
1522,50858340.85532302,47704946.864793666,33033716.864793666,31922094.716031946,0,0.0,0.0
1523,51120471.155596,48124349.78417463,33453119.78417463,32275087.72102943,0,0.0,0.0
1524,51427602.36578708,48584183.62322657,33912953.62322657,32662109.654224474,0,0.0,0.0
1525,51436602.5477707,48677331.76042384,34006101.76042384,32740508.347556695,0,0.0,0.0
1526,50485395.81437671,47663590.85562562,32992360.855625622,31887287.18066126,0,0.0,0.0
1527,50366143.4030937,47284737.95662424,32613507.95662424,31568423.345693465,0,0.0,0.0
1528,51978863.512283884,48325337.86960015,33654107.86960015,32444250.559351496,0,0.0,0.0
1529,53863839.12647861,49514775.427549504,34843545.427549504,34173442.43302876,0,0.0,0.0
1530,55231866.78798907,49068216.66605714,34396986.66605714,34396986.66605714,0,0.0,0.0
1531,52865381.437670596,44899130.18488495,30227900.18488495,30227900.18488495,0,0.0,0.0
1532,48917676.61510464,40562818.586738124,25891588.586738124,25907656.562431812,0,0.0,0.0
1533,44198768.6988171,35920416.16296947,21249186.16296947,21934335.190266598,0,0.0,0.0
1534,38854910.64604186,30483281.617599487,15812051.617599487,17279136.988350406,0,0.0,0.0
1535,34318818.92629663,26060802.278419986,11389572.278419986,13492672.317305744,0,0.0,0.0
1536,34573074.06733394,26152211.93642676,11480981.936426759,13464497.483439296,0,0.0,0.0
1537,34862767.42493176,26993563.546684936,12322333.546684936,14192845.567330534,0,0.0,0.0
1538,34063438.762511365,26935160.2562727,12263930.2562727,14142286.533335652,0,0.0,0.0
1539,33424988.353048228,26904581.675532192,12233351.675532192,14115815.0196202,0,0.0,0.0
1540,33020542.675159227,27085399.720334813,12414169.720334813,14258227.427184645,0,0.0,0.0
1541,34466196.90627843,28567823.801596314,13896593.801596314,13940973.993309831,0,0.0,0.0
1542,39240793.44858963,33384830.748957694,18713600.748957694,18713600.748957694,0,0.0,0.0
1543,45305791.08280255,39253380.0514455,24582150.0514455,24582150.0514455,0,0.0,0.0
1544,48216787.44313012,42998449.61641822,28327219.61641822,28004850.48152146,0,0.0,0.0
1545,49562314.64968153,45256708.79759084,30585478.797590837,29912881.188950438,0,0.0,0.0
1546,49818819.836214736,46016434.57473636,31345204.574736357,30554782.758134488,0,0.0,0.0
1547,49652316.469517745,46228756.72507049,31557526.72507049,30734176.330883965,0,0.0,0.0
1548,49721505.368516825,46293582.34919968,31622352.349199682,30788948.290851176,0,0.0,0.0
1549,50096700.45495904,46798787.22822765,32127557.228227653,31215802.050935432,0,0.0,0.0
1550,49486375.61419471,46381226.985702574,31709996.985702574,30863000.312507134,0,0.0,0.0
1551,49344060.23657871,46696444.90649643,32025214.906496428,31129331.77588428,0,0.0,0.0
1552,50648524.11282985,48132509.162551485,33461279.162551485,32342679.969589565,0,0.0,0.0
1553,52645439.49044584,50380314.03350183,35709084.03350183,34241877.70288725,0,0.0,0.0
1554,54647417.470427655,52504281.53403793,37833051.53403793,36036443.732504696,0,0.0,0.0
1555,53296265.1501365,51317178.6859311,36645948.6859311,35033446.06689213,0,0.0,0.0
1556,50279516.651501365,48531643.1208078,33860413.1208078,32679913.115846645,0,0.0,0.0
1557,45818238.94449499,44159884.68159862,29488654.68159862,28986161.12448242,0,0.0,0.0
1558,40436130.118289344,38810264.28434489,24139034.28434489,24422422.875145685,0,0.0,0.0
1559,35786411.1010009,34131474.80089688,19460244.800896883,20372050.458131954,0,0.0,0.0
1560,35635095.541401275,33870770.573066704,19199540.573066704,20657951.017022036,0,0.0,0.0
1561,36023790.90081892,34313188.50886777,19641958.50886777,21014779.373367958,0,0.0,0.0
1562,35621595.26842584,33941321.2863215,19270091.2863215,20714853.084078062,0,0.0,0.0
1563,35112522.474977255,33394439.48920003,18723209.48920003,20273770.304671697,0,0.0,0.0
1564,34718202.00181984,32813576.067836035,18142346.067836035,19805279.94039319,0,0.0,0.0
1565,36245982.89353958,34136640.139630064,19465410.139630064,20872385.814443674,0,0.0,0.0
1566,40693760.32757052,38392439.40814023,23721209.408140227,24304863.874292307,0,0.0,0.0
1567,46394813.10282074,44161535.67613274,29490305.67613274,28901992.062770534,0,0.0,0.0
1568,48513230.93721565,46407757.51271721,31736527.51271721,30668023.672231283,0,0.0,0.0
1569,49987573.24840764,47825728.043904,33154498.043904,31782864.930816643,0,0.0,0.0
1570,50221015.46860781,47596931.935579285,32925701.935579285,31602980.133668806,0,0.0,0.0
1571,49933572.1565059,46829339.208620936,32158109.208620936,30999480.96144905,0,0.0,0.0
1572,48840050.0454959,45853043.608705774,31181813.608705774,30231894.758899562,0,0.0,0.0
1573,48969990.17288443,45760467.83561168,31089237.83561168,30159109.542901903,0,0.0,0.0
1574,47564836.76069153,44107909.26216912,29436679.262169123,28859829.73462499,0,0.0,0.0
1575,46885885.53230209,43566098.17024566,28894868.170245662,28433845.310865562,0,0.0,0.0
1576,48474417.652411275,44966505.84637145,30295275.84637145,29534878.2462101,0,0.0,0.0
1577,50001636.032757044,46575498.25692019,31904268.25692019,30799905.3286341,0,0.0,0.0
1578,52591438.39854412,49037043.88091407,34365813.88091407,33982982.371577166,0,0.0,0.0
1579,51599730.846223824,46988673.24137524,32317443.241375238,32317443.241375238,0,0.0,0.0
1580,48506480.800727926,42861871.74975638,28190641.74975638,28190641.74975638,0,0.0,0.0
1581,44336583.98544131,38532796.35270936,23861566.35270936,24418067.55293985,0,0.0,0.0
1582,39123228.57142856,33231584.726312056,18560354.726312056,20142421.205410615,0,0.0,0.0
1583,35820161.783439495,30264876.4028932,15593646.4028932,17749648.288357507,0,0.0,0.0
1584,35734097.543221116,31253818.036130037,16582588.036130037,17928692.55592424,0,0.0,0.0
1585,35299838.76251138,30516583.245830365,15845353.245830365,17348031.868789755,0,0.0,0.0
1586,34690076.433121026,29832591.071383268,15161361.071383268,16809306.11786902,0,0.0,0.0
1587,34154003.09372156,29266891.69799435,14595661.697994351,16363750.114292402,0,0.0,0.0
1588,33772620.38216561,28241300.249895014,13570070.249895014,15555974.026120326,0,0.0,0.0
1589,35053458.78070973,29227000.979056295,14555770.979056295,15785168.532500163,0,0.0,0.0
1590,39190729.93630573,33574600.9408011,18903370.9408011,18903370.9408011,0,0.0,0.0
1591,44591964.149226554,38838690.401531436,24167460.401531436,23877523.945905015,0,0.0,0.0
1592,46789133.57597816,40475911.22384587,25804681.22384587,25134057.69582611,0,0.0,0.0
1593,48517168.51683348,42250559.344184175,27579329.344184175,26496064.107573856,0,0.0,0.0
1594,49194994.722474985,42839054.43738318,28167824.437383182,26947722.14672718,0,0.0,0.0
1595,49455437.488626026,42980493.790655315,28309263.790655315,27056273.979522843,0,0.0,0.0
1596,49437999.636032745,43025436.73729266,28354206.737292662,27090766.778845344,0,0.0,0.0
1597,48194849.49954503,40843784.21629885,26172554.21629885,25416392.750695642,0,0.0,0.0
1598,46777883.34849864,39375608.48216389,24704378.48216389,24289597.674788963,0,0.0,0.0
1599,46174308.64422202,38761826.88787484,24090596.88787484,23818532.759297386,0,0.0,0.0
1600,48000220.56414923,40737817.5376337,26066587.537633702,25335065.47566039,0,0.0,0.0
1601,49118493.17561421,42549218.855403244,27877988.855403244,26725279.22044493,0,0.0,0.0
1602,51938362.693357594,45660817.01890298,30989587.01890298,29113367.653807826,0,0.0,0.0
1603,51228473.33939945,45155416.19644843,30484186.19644843,28725482.78085936,0,0.0,0.0
1604,48505355.77797998,41832220.927692436,27160990.927692436,26174997.864067778,0,0.0,0.0
1605,44089078.980891705,37790351.044848055,23119121.044848055,23072944.768136494,0,0.0,0.0
1606,38836347.77070063,32824326.599195957,18153096.599195957,19165656.130323388,0,0.0,0.0
1607,35588407.09736124,29561159.73219788,14889929.73219788,16595521.43218272,0,0.0,0.0
1608,35622720.29117379,30123983.781579502,15452753.781579502,17036312.32965314,0,0.0,0.0
1609,35485467.51592356,30782699.864828587,16111469.864828587,17589761.65055077,0,0.0,0.0
1610,34831829.299363054,30718737.522740975,16047507.522740975,17536020.872556105,0,0.0,0.0
1611,34205191.628753416,30584510.03188617,15913280.031886172,17423243.736019578,0,0.0,0.0
1612,33964436.76069154,30867263.364130124,16196033.364130124,17660811.397856653,0,0.0,0.0
1613,35410653.50318471,32707261.769926947,18036031.769926947,19206767.07441771,0,0.0,0.0
1614,39681802.365787074,37180291.79646219,22509061.796462193,22964980.20067071,0,0.0,0.0
1615,45562296.26933576,43011143.038891725,28339913.038891725,27807977.977446917,0,0.0,0.0
1616,47611525.204731576,45175958.45086192,30504728.450861923,29586094.43511925,0,0.0,0.0
1617,49182056.96087353,46886226.70220738,32214996.70220738,30990859.06675321,0,0.0,0.0
1618,49606190.53685168,47601646.7447768,32930416.7447768,31578484.295586724,0,0.0,0.0
1619,49050429.29936306,47128370.75926383,32457140.75926383,31189749.157150228,0,0.0,0.0
1620,48969990.17288443,46981062.47817825,32309832.478178248,31068754.41667427,0,0.0,0.0
1621,48561606.9153776,46341236.6966361,31670006.696636103,30543220.116653852,0,0.0,0.0
1622,47508023.111919925,45020935.30627062,30349705.30627062,29458762.92999704,0,0.0,0.0
1623,47259955.595996365,44770559.38299065,30099329.38299065,29253111.423948385,0,0.0,0.0
1624,48069409.46314832,45354616.931374356,30683386.931374356,29732839.31819118,0,0.0,0.0
1625,49216932.66606005,45771407.74462488,31100177.744624883,30075179.177908324,0,0.0,0.0
1626,50456707.7343039,46572522.515618294,31901292.515618294,31405984.07498295,0,0.0,0.0
1627,49130868.42584167,44895955.93583187,30224725.935831867,30224725.935831867,0,0.0,0.0
1628,46112432.39308462,41080565.82876707,26409335.82876707,26409335.82876707,0,0.0,0.0
1629,41808657.87079163,34996952.46983648,20325722.46983648,21130551.53202503,0,0.0,0.0
1630,37400256.23293902,29786700.44092559,15115470.44092559,16752928.880270427,0,0.0,0.0
1631,34325569.062784344,26387688.311207686,11716458.311207686,13897099.179504087,0,0.0,0.0
1632,34431321.20109191,26172862.64254769,11501632.64254769,12385192.206401158,0,0.0,0.0
1633,33520615.286624197,25492703.761699617,10821473.761699617,11905340.991087796,0,0.0,0.0
1634,32306153.230209284,25213586.475757174,10542356.475757174,11708424.104981048,0,0.0,0.0
1635,31225568.88080072,23825152.10061944,9153922.100619439,10728885.439747453,0,0.0,0.0
1636,30325550.68243857,22093338.77734378,7422108.77734378,9507093.368410328,0,0.0,0.0
1637,30721558.689717922,21724861.10101903,7053631.101019029,9220453.215953078,0,0.0,0.0
1638,32019272.429481342,22654841.454963233,7983611.454963233,8175106.117539258,0,0.0,0.0
1639,33984687.17015468,24277105.339272924,9605875.339272924,9605875.339272924,0,0.0,0.0
1640,38113520.65514103,28698697.018312186,14027467.018312186,14027467.018312186,0,0.0,0.0
1641,40562132.666060075,31420612.601755317,16749382.601755317,16049923.205800084,0,0.0,0.0
1642,40907514.64968152,32321936.85393274,17650706.85393274,16670781.25727417,0,0.0,0.0
1643,41138144.313011825,32692207.121577494,18020977.121577494,16925834.060228664,0,0.0,0.0
1644,41367648.95359417,33370601.856418964,18699371.856418964,17393131.852545314,0,0.0,0.0
1645,40535132.12010919,32752751.658080865,18081521.658080865,16967538.877191126,0,0.0,0.0
1646,39374108.644222006,31650744.033438582,16979514.033438582,16208444.350563075,0,0.0,0.0
1647,39046164.5131938,30387122.678739417,15715892.678739417,15338025.641442249,0,0.0,0.0
1648,39552987.26114649,30864405.0210399,16193175.0210399,15666791.437245259,0,0.0,0.0
1649,41533027.29754321,33053058.370548673,18381828.370548673,17174398.772391915,0,0.0,0.0
1650,43925388.1710646,35896640.39322779,21225410.393227793,19133139.802096054,0,0.0,0.0
1651,43374689.535941765,35218999.52086018,20547769.52086018,18666361.29191952,0,0.0,0.0
1652,40705010.55505005,33151105.98112838,18479875.98112838,17241936.78472116,0,0.0,0.0
1653,37541446.587807104,30733239.81802456,16062009.81802456,15576441.075354328,0,0.0,0.0
1654,34810453.86715195,28573092.20903079,13901862.209030788,14078551.077304821,0,0.0,0.0
1655,32624534.667879883,27554892.27254137,12883662.27254137,13360212.33217627,0,0.0,0.0
1656,32846164.14922657,29574159.88642285,14902929.88642285,16290580.58578657,0,0.0,0.0
1657,32777537.761601463,30378652.473959956,15707422.473959956,16885986.112633165,0,0.0,0.0
1658,32037835.30482257,30115553.771040965,15444323.771040965,16691266.5785431,0,0.0,0.0
1659,31084378.525932666,29955145.350441292,15283915.350441292,16572548.19423807,0,0.0,0.0
1660,30258611.828935392,28822902.895086203,14151672.895086203,15734574.760930715,0,0.0,0.0
1661,30108983.803457685,28996208.600090664,14324978.600090664,15862838.434446465,0,0.0,0.0
1662,31258757.05186533,29845898.85459387,15174668.85459387,16491694.786234263,0,0.0,0.0
1663,32206026.205641497,30744827.512492836,16073597.512492836,17156992.51482167,0,0.0,0.0
1664,35390403.09372157,33892229.703382604,19220999.703382604,19486387.078172363,0,0.0,0.0
1665,38752533.57597816,37299646.49566172,22628416.49566172,21949520.518461645,0,0.0,0.0
1666,40662822.20200181,39087982.6799602,24416752.6799602,23229058.11234781,0,0.0,0.0
1667,41310835.30482257,39299103.049209654,24627873.049209654,23380112.73600394,0,0.0,0.0
1668,41642154.50409463,39367733.0296589,24696503.0296589,23429216.836688966,0,0.0,0.0
1669,41134769.244767964,38927421.64432478,24256191.64432478,23114178.212800637,0,0.0,0.0
1670,40117748.68061875,38372976.50427539,23701746.50427539,22717477.968926195,0,0.0,0.0
1671,40074997.81619654,38084549.98537623,23413319.98537623,22511111.527736064,0,0.0,0.0
1672,40832700.63694268,38507447.63876838,23836217.638768382,22813690.791429594,0,0.0,0.0
1673,42493796.72429481,39149445.640812896,24478215.640812896,23273034.278425027,0,0.0,0.0
1674,44868157.23384894,40737926.7693273,26066696.769327298,24409577.47369132,0,0.0,0.0
1675,44243207.09736124,39688409.3427771,25017179.342777103,24770535.39743724,0,0.0,0.0
1676,41957723.38489537,37656907.27931669,22985677.279316694,22985677.279316694,0,0.0,0.0
1677,38759283.712465875,34598560.95124009,19927330.951240093,20009143.32884995,0,0.0,0.0
1678,35017458.05277525,30911318.908208657,16240088.908208657,17280212.913265716,0,0.0,0.0
1679,32283090.263876244,28124596.84769375,13453366.847693749,15217757.966731612,0,0.0,0.0
1680,32375342.12920836,28075978.73262809,13404748.732628088,14946509.294897137,0,0.0,0.0
1681,32299403.093721557,28004605.736860134,13333375.736860134,14886414.498726606,0,0.0,0.0
1682,31381384.531392176,26953710.841522276,12282480.841522276,14001579.641334586,0,0.0,0.0
1683,30782309.918107376,26032495.18258562,11361265.18258562,13225932.400284417,0,0.0,0.0
1684,30444803.093721557,24877975.68323248,10206745.683232479,12253847.464770468,0,0.0,0.0
1685,31924208.007279344,26369819.33915732,11698589.33915732,13509953.355471425,0,0.0,0.0
1686,36766305.91446769,31414391.682755303,16743161.682755303,17094490.541551746,0,0.0,0.0
1687,42723863.87625114,37113505.5330786,22442275.533078603,22442275.533078603,0,0.0,0.0
1688,45532483.16651501,39969089.827212736,25297859.827212736,24921634.153033063,0,0.0,0.0
1689,47335332.120109186,41572262.01068469,26901032.01068469,26242484.257750593,0,0.0,0.0
1690,47983345.22292994,41992988.597861506,27321758.597861506,26589119.985627588,0,0.0,0.0
1691,48652733.75796178,43079285.937617734,28408055.937617734,27484118.021249667,0,0.0,0.0
1692,48881113.37579618,43567472.06165503,28896242.06165503,27886333.51606936,0,0.0,0.0
1693,48278663.694267504,43430355.17763953,28759125.17763953,27773363.211021885,0,0.0,0.0
1694,47909093.72156506,43466081.94548434,28794851.94548434,27802798.41800438,0,0.0,0.0
1695,47638525.75068243,43548617.839138,28877387.839138,27870799.56279674,0,0.0,0.0
1696,49315372.15650591,45301652.758426845,30630422.758426845,29315121.25237442,0,0.0,0.0
1697,50945530.11828936,46939831.0886621,32268601.088662103,30664812.845919397,0,0.0,0.0
1698,52172367.42493176,48068983.851611875,33397753.851611875,31595119.372292824,0,0.0,0.0
1699,50752588.717015475,46136307.22126838,31465077.22126838,30002791.26437504,0,0.0,0.0
1700,47765090.80982712,42853431.30124141,28182201.301241413,27298036.87339534,0,0.0,0.0
1701,43330251.137397625,37949617.963161774,23278387.963161774,23259103.23069236,0,0.0,0.0
1702,38268773.7943585,33005330.037853405,18334100.037853405,19096935.6396668,0,0.0,0.0
1703,34869517.56141947,29745467.430493478,15074237.430493478,16352189.159217337,0,0.0,0.0
1704,34588261.8744313,29857228.621855132,15185998.621855132,16850700.8519157,0,0.0,0.0
1705,34444821.47406733,29697343.480179574,15026113.480179574,16715037.905411733,0,0.0,0.0
1706,33696681.34667879,29121943.98980874,14450713.989808738,16226809.984652277,0,0.0,0.0
1707,33177483.348498635,28669179.966509156,13997949.966509156,15842638.567420436,0,0.0,0.0
1708,32728036.76069153,28271532.82117366,13600302.82117366,15505233.960339602,0,0.0,0.0
1709,34445383.985441305,30656485.811616607,15985255.811616607,17528872.595964003,0,0.0,0.0
1710,38920724.47679708,35159082.62015501,20487852.620155007,21349337.359382734,0,0.0,0.0
1711,45099911.9199272,42244644.03981596,27573414.039815962,27334883.07763277,0,0.0,0.0
1712,46963512.10191083,44755736.17915439,30084506.17915439,29417892.225852564,0,0.0,0.0
1713,48291601.45586896,46594937.771325216,31923707.771325216,30943552.587690808,0,0.0,0.0
1714,48302289.17197452,46968484.24722752,32297254.24722752,31253418.049973197,0,0.0,0.0
1715,48185849.31756141,47192041.57782543,32520811.577825427,31438864.038788926,0,0.0,0.0
1716,48359102.82074613,47614113.44069331,32942883.44069331,31788982.434600383,0,0.0,0.0
1717,47697589.44494995,46735039.738148026,32063809.738148026,31059770.41737681,0,0.0,0.0
1718,46594504.640582345,45661346.184453756,30990116.184453756,30169116.721443933,0,0.0,0.0
1719,46191183.98544129,45149352.59111781,30478122.591117807,29744406.165410846,0,0.0,0.0
1720,47691964.33121019,46752275.36112947,32081045.36112947,31074067.766240753,0,0.0,0.0
1721,48941302.09281164,47919037.62134949,33247807.62134949,32041924.111996416,0,0.0,0.0
1722,51058594.90445861,49896639.557167895,35225409.557167895,33682390.76764534,0,0.0,0.0
1723,50549522.11101001,49012709.209304206,34341479.209304206,32949150.050530847,0,0.0,0.0
1724,47752715.55959964,45909968.49116067,31238738.49116067,30783890.467426952,0,0.0,0.0
1725,42982619.10828026,40522472.95363942,25851242.953639418,25900187.60266475,0,0.0,0.0
1726,37698949.77252047,34640248.09649754,19969018.096497543,20909104.955735233,0,0.0,0.0
1727,34543823.47588717,30936389.52976825,16265159.52976825,17766371.607716586,0,0.0,0.0
1728,33987499.72702456,29766912.798387058,15095682.798387058,15190455.371664671,0,0.0,0.0
1729,33456488.98999091,28079959.438932467,13408729.438932467,14043991.888322128,0,0.0,0.0
1730,32724099.1810737,26875693.007201657,12204463.007201657,13225565.296705531,0,0.0,0.0
1731,32231339.217470426,25977600.83024061,11306370.830240611,12615216.540001106,0,0.0,0.0
1732,31310508.098271158,25335078.52402798,10663848.52402798,12178554.579445196,0,0.0,0.0
1733,32442843.494085535,26012763.252599988,11341533.252599988,12639113.13026245,0,0.0,0.0
1734,36749430.5732484,29813368.13925489,15142138.13925489,15222026.696154894,0,0.0,0.0
1735,42159664.96815285,34559509.86909978,19888279.86909978,18439202.248049926,0,0.0,0.0
1736,44169518.10737033,35627238.893026024,20956008.893026024,19162847.464963682,0,0.0,0.0
1737,44510962.51137397,35416222.83092438,20744992.830924377,19019832.935424794,0,0.0,0.0
1738,44177393.266606,34207349.3526903,19536119.3526903,18200528.13919363,0,0.0,0.0
1739,44069953.594176516,33224812.28165341,18553582.28165341,17534621.119749878,0,0.0,0.0
1740,41067267.87989081,29490807.42758438,14819577.42758438,15002812.528188333,0,0.0,0.0
1741,43683508.28025478,32049187.55577162,17377957.55577162,16737850.412289292,0,0.0,0.0
1742,42251354.322111,30295785.504180677,15624555.504180677,15550928.37930376,0,0.0,0.0
1743,42529797.4522293,30644639.318273053,15973409.318273053,15810107.618473224,0,0.0,0.0
1744,44175705.73248408,31704991.336158413,17033761.336158413,16706872.441552786,0,0.0,0.0
1745,45578046.5878071,33187608.662727974,18516378.662727974,18416618.64677804,0,0.0,0.0
1746,47599712.46587807,34911635.92125622,20240405.92125622,20240405.92125622,0,0.0,0.0
1747,47010200.54595086,34149109.042390645,19477879.042390645,19477879.042390645,0,0.0,0.0
1748,43591256.414922655,30730248.80070686,16059018.80070686,16059018.80070686,0,0.0,0.0
1749,38913411.82893539,26116630.434043057,11445400.434043057,12709701.881264253,0,0.0,0.0
1750,33828871.519563235,21469496.795641936,6798266.795641936,9551482.367499992,0,0.0,0.0
1751,30711995.99636033,18758578.14792164,4087348.1479216404,7709126.016327069,0,0.0,0.0
1752,30635494.449499547,19098408.988880437,4427178.988880437,6020487.849749968,0,0.0,0.0
1753,30413864.968152862,18911517.312509697,4240287.312509697,5861027.412915017,0,0.0,0.0
1754,29841790.90081892,18164365.71681231,3493135.716812309,5223539.84714726,0,0.0,0.0
1755,29352968.516833477,17579484.126416657,2908254.126416657,4099193.6473221225,0,0.0,0.0
1756,29090838.21656051,17355763.25550954,2684533.2555095404,2684533.2555095404,0,0.0,0.0
1757,30624806.733393993,18886263.39664208,4215033.396642081,4215033.396642081,0,0.0,0.0
1758,35045583.621474065,23386732.705792345,8715502.705792345,8715502.705792345,0,0.0,0.0
1759,41038017.28844404,29266863.361950845,14595633.361950845,14595633.361950845,0,0.0,0.0
1760,43707133.75796178,31895463.598078776,17224233.598078776,16905108.200658914,0,0.0,0.0
1761,45094286.80618744,33689889.86763984,19018659.86763984,18404665.321905203,0,0.0,0.0
1762,45787863.33030028,35558741.917436704,20887511.917436704,19966418.204911157,0,0.0,0.0
1763,46303686.260236576,36281995.7581068,21610765.758106798,20570823.337427907,0,0.0,0.0
1764,46280060.78252957,37268124.39451514,22596894.39451514,21394906.35731856,0,0.0,0.0
1765,45792363.42129209,37476381.09849396,22805151.098493963,21568941.272431064,0,0.0,0.0
1766,45569046.40582347,37254774.45297853,22583544.45297853,21383750.145308603,0,0.0,0.0
1767,45622484.98635122,37126226.37475736,22454996.374757357,21276325.733735405,0,0.0,0.0
1768,46357124.84076434,37530387.623454824,22859157.623454824,21614073.173625674,0,0.0,0.0
1769,47304393.9945405,40728559.29929528,26057329.299295276,24286705.196922902,0,0.0,0.0
1770,49068429.66333029,37786294.05211351,23115064.05211351,21827927.77104064,0,0.0,0.0
1771,48410853.86715195,36646468.67727738,21975238.67727738,20875404.233681355,0,0.0,0.0
1772,45798551.04640582,33977093.76741685,19305863.76741685,18644674.43259755,0,0.0,0.0
1773,41431212.73885351,29744239.73167734,15073009.731677338,15102208.310012914,0,0.0,0.0
1774,36335422.20200182,24941975.66322229,10270745.66322229,11006358.342538904,0,0.0,0.0
1775,32113774.34030937,21191775.812530514,6520545.812530514,7806598.363804429,0,0.0,0.0
1776,32343278.980891727,21954213.02850975,7282983.028509751,8558967.280721987,0,0.0,0.0
1777,32344966.515013643,22139016.140775613,7467786.1407756135,8709242.414988805,0,0.0,0.0
1778,31273944.858962692,21299562.90652774,6628332.906527739,8026629.736335236,0,0.0,0.0
1779,30483616.37852593,20429473.90975026,5758243.90975026,7319105.175673544,0,0.0,0.0
1780,30001544.13102821,19674080.710084308,5002850.710084308,6704847.043804334,0,0.0,0.0
1781,31383072.065514103,20913131.34772881,6241901.347728811,7712397.721130305,0,0.0,0.0
1782,35618782.711555965,24971516.14717786,10300286.14717786,11012527.860531036,0,0.0,0.0
1783,41720343.58507734,30312647.87116404,15641417.871164039,15329726.805994488,0,0.0,0.0
1784,44590276.61510463,32773199.549955856,18101969.549955856,17288667.38163431,0,0.0,0.0
1785,45949866.60600546,34391542.27104681,19720312.27104681,18577092.757521193,0,0.0,0.0
1786,45984742.31119198,34662256.34698367,19991026.34698367,18792618.72770117,0,0.0,0.0
1787,45763675.34121929,34409997.73767395,19738767.737673953,18591785.869935736,0,0.0,0.0
1788,45639360.32757052,38936238.852610916,24265008.852610916,22195301.88287028,0,0.0,0.0
1789,44590276.61510463,33294037.501447774,18622807.501447774,17703326.66528392,0,0.0,0.0
1790,43779135.213830754,32870652.095067818,18199422.095067818,17366253.130580243,0,0.0,0.0
1791,43339813.830755234,32867514.836846896,18196284.836846896,17363755.437693633,0,0.0,0.0
1792,43059683.16651502,33575116.51185622,18903886.51185622,17927104.56159706,0,0.0,0.0
1793,43754384.71337579,34412781.18091233,19741551.18091233,18611695.480341267,0,0.0,0.0
1794,46204121.74704276,34693838.97554926,20022608.97554926,19985538.178405218,0,0.0,0.0
1795,45628672.61146496,32723132.586076196,18051902.586076196,18051902.586076196,0,0.0,0.0
1796,42562985.6232939,29391209.356023293,14719979.356023293,14719979.356023293,0,0.0,0.0
1797,38604593.08462238,25067229.45506945,10395999.455069449,11090358.423112882,0,0.0,0.0
1798,34617512.46587806,20618727.068370182,5947497.068370182,7472998.924936346,0,0.0,0.0
1799,31064128.116469517,17043453.728820875,2372223.7288208753,4565717.361580328,0,0.0,0.0
1800,31137817.10646042,16867847.3141247,2196617.3141246997,3478422.047853198,0,0.0,0.0
1801,31397134.84986351,16807161.103673983,2135931.1036739834,3430525.493338963,0,0.0,0.0
1802,30282799.818016376,15663544.047826182,992314.0478261821,2527926.4308500164,0,0.0,0.0
1803,29638724.294813458,14656453.972238947,0.0,1744743.1749842316,0,0.0,0.0
1804,28950210.37306642,13860396.763892073,0.0,1744743.1749842316,0,0.0,0.0
1805,29193215.286624204,14105735.751953412,0.0,1703408.208868913,0,0.0,0.0
1806,30359863.876251135,15047699.297695566,376469.29769556597,432896.275071776,0,0.0,0.0
1807,33687118.6533212,18379571.192152686,3708341.1921526864,3708341.1921526864,0,0.0,0.0
1808,37875015.83257505,22204689.93955032,7533459.939550322,7533459.939550322,0,0.0,0.0
1809,41303522.656960875,25360943.244069126,10689713.244069126,10135811.440130096,0,0.0,0.0
1810,42651862.42038216,26770704.356082913,12099474.356082913,11221735.552494084,0,0.0,0.0
1811,43697571.064604186,27638970.78254769,12967740.78254769,11890552.02105688,0,0.0,0.0
1812,43995139.58143768,27757892.67976632,13086662.67976632,11982156.303922439,0,0.0,0.0
1813,43741446.951774344,27480733.923643872,12809503.923643872,11768663.83795688,0,0.0,0.0
1814,42966306.27843494,26649945.580091305,11978715.580091305,11128716.34128777,0,0.0,0.0
1815,42554547.95268424,26289029.544791836,11617799.544791836,10850706.526766323,0,0.0,0.0
1816,43293125.386715196,27171954.355125748,12500724.355125748,11530814.19378546,0,0.0,0.0
1817,44987409.64513193,29072835.682106525,14401605.682106525,12995043.026684841,0,0.0,0.0
1818,46352062.23839855,30795784.58279495,16124554.58279495,14322212.388702465,0,0.0,0.0
1819,45551608.553230196,30205641.46514373,15534411.465143729,13867631.370867683,0,0.0,0.0
1820,43041682.80254776,28137491.514235154,13466261.514235154,12274557.28155059,0,0.0,0.0
1821,39964183.075523205,24978802.635644265,10307572.635644265,9841452.560837971,0,0.0,0.0
1822,36434986.715195626,21501917.282591447,6830687.282591447,7135858.938688557,0,0.0,0.0
1823,33248359.781619646,18241610.819148146,3570380.8191481456,4562664.05471665,0,0.0,0.0
1824,32507532.302092813,17573915.681403413,2902685.6814034134,4375792.84192656,0,0.0,0.0
1825,33054293.357597817,18189338.366296023,3518108.366296023,4873871.902036839,0,0.0,0.0
1826,32453531.21019108,17481973.93763872,2810743.9376387186,4301381.777070849,0,0.0,0.0
1827,31615951.774340305,22956829.061714917,8285599.061714917,8732337.543538343,0,0.0,0.0
1828,30823373.248407647,16032502.862396799,1361272.862396799,3128283.6633093944,0,0.0,0.0
1829,30664182.529572334,15881329.677622775,1210099.6776227746,3005934.910761765,0,0.0,0.0
1830,31358884.07643313,16598616.270269517,1927386.2702695169,3586455.3248858177,0,0.0,0.0
1831,32536782.89353958,17652355.406076133,2981125.4060761333,4439276.339203095,0,0.0,0.0
1832,35734660.05459509,20661712.492156886,5990482.492156886,6874834.510466905,0,0.0,0.0
1833,39932119.92720655,24714378.862284828,10043148.862284828,10153871.78886099,0,0.0,0.0
1834,42898242.40218381,27419261.125435024,12748031.125435024,12300879.469068876,0,0.0,0.0
1835,44424335.75978162,28723984.775258116,14052754.775258116,13330357.065615674,0,0.0,0.0
1836,45562858.78070973,29807963.868679408,15136733.868679408,14185658.639978673,0,0.0,0.0
1837,46661443.49408552,30976240.41092841,16305010.41092841,15107474.17308377,0,0.0,0.0
1838,45549921.019108266,29972059.74701655,15300829.74701655,14315136.656612042,0,0.0,0.0
1839,45884052.775250226,30435934.43751344,15764704.43751344,14681151.790572701,0,0.0,0.0
1840,46715444.58598726,31448101.62965787,16776871.629657868,15479790.987780198,0,0.0,0.0
1841,47418021.29208371,32562026.461428966,17890796.461428966,16358720.911907045,0,0.0,0.0
1842,49262496.08735213,34560801.850013115,19889571.850013115,17935832.266756404,0,0.0,0.0
1843,48408603.82165605,33941902.396236405,19270672.396236405,17447496.57799614,0,0.0,0.0
1844,45497044.94995451,31314771.328376457,16643541.328376457,15374588.2054679,0,0.0,0.0
1845,41523464.60418563,27716922.779202204,13045692.779202204,12569281.189040387,0,0.0,0.0
1846,37140375.97816197,23569041.200402502,8897811.200402502,9227818.217408577,0,0.0,0.0
1847,33413175.61419472,20043684.378681652,5372454.378681652,6374646.802996895,0,0.0,0.0
1848,34447634.03093722,21280113.01139023,6608883.011390232,8585748.13618813,0,0.0,0.0
1849,34669826.023657866,21772015.34434891,7100785.344348911,9000963.092909863,0,0.0,0.0
1850,34192816.37852593,21589895.18320083,6918665.183200829,8847235.391773693,0,0.0,0.0
1851,33967811.82893539,21460377.51836288,6789147.51836288,8737909.47888987,0,0.0,0.0
1852,33765307.734303914,21217437.189802814,6546207.189802814,8532843.45002535,0,0.0,0.0
1853,34785140.85532302,22359951.736124225,7688721.736124225,9497240.437231023,0,0.0,0.0
1854,39401671.70154686,26988740.896136045,12317510.896136045,13210468.951026648,0,0.0,0.0
1855,45675923.56687899,33100506.933310196,18429276.933310196,18429276.933310196,0,0.0,0.0
1856,48612232.93903549,35887795.77442676,21216565.77442676,20870424.54253676,0,0.0,0.0
1857,50883653.86715196,37684772.911337875,23013542.911337875,22344707.925240844,0,0.0,0.0
1858,51785359.59963604,38450013.18089878,23778783.18089878,22972529.49849073,0,0.0,0.0
1859,52833318.28935395,39471483.46312989,24800253.463129893,23810568.3539032,0,0.0,0.0
1860,52696065.51410373,39615324.032856815,24944094.032856815,23928578.626461055,0,0.0,0.0
1861,51298787.26114649,38461970.06585393,23790740.06585393,22982339.215284683,0,0.0,0.0
1862,49264746.13284804,36754470.67722334,22083240.67722334,21581465.535298645,0,0.0,0.0
1863,48977865.33212012,36788802.23684812,22117572.236848123,21609631.974825032,0,0.0,0.0
1864,50820652.5932666,38563170.21147384,23891940.211473837,23065366.255501293,0,0.0,0.0
1865,52491873.88535032,40623173.58896911,25951943.58896911,24755442.709660307,0,0.0,0.0
1866,54421850.409463145,42966316.33860599,28295086.338605992,26677813.533493496,0,0.0,0.0
1867,54268284.80436761,47972171.460229106,33300941.460229106,30784737.806730967,0,0.0,0.0
1868,51009656.41492266,40797446.43685099,26126216.436850987,24898420.357183654,0,0.0,0.0
1869,46303123.7488626,38113329.736301474,23442099.736301474,22696306.280395385,0,0.0,0.0
1870,40614446.22383986,33133791.68335919,18462561.68335919,18591443.061786965,0,0.0,0.0
1871,36087354.686078265,28530023.320503805,13858793.320503805,14705400.338544903,0,0.0,0.0
1872,36450174.52229299,29296086.96627196,14624856.96627196,16332031.670609681,0,0.0,0.0
1873,37104937.76160145,29942510.70320487,15271280.70320487,16875435.708455075,0,0.0,0.0
1874,36185794.17652412,28577307.94608032,13906077.94608032,15727803.515647542,0,0.0,0.0
1875,35399965.787079155,27234015.477742665,12562785.477742665,14598589.797776667,0,0.0,0.0
1876,35136147.952684246,27500272.70385041,12829042.70385041,14822413.960637646,0,0.0,0.0
1877,36677429.11737943,28373180.92830738,13701950.92830738,15556207.951695248,0,0.0,0.0
1878,40969390.90081893,32556664.613437302,17885434.613437302,19072975.354987387,0,0.0,0.0
1879,46887010.55505003,38091606.784181684,23420376.784181684,23725821.086015098,0,0.0,0.0
1880,49235495.541401275,40729580.970390975,26058350.970390975,25928623.473869853,0,0.0,0.0
1881,50224953.04822566,42465103.74181959,27793873.74181959,27352100.1740602,0,0.0,0.0
1882,50746963.60327571,43526779.00212671,28855549.00212671,28222886.787232485,0,0.0,0.0
1883,51113721.019108266,47099555.13917486,32428325.139174864,31153279.67507558,0,0.0,0.0
1884,50900529.20837125,44608245.61560929,29937015.61560929,29109906.27880562,0,0.0,0.0
1885,50613085.89626932,45113072.85195254,30441842.851952538,29523965.84655453,0,0.0,0.0
1886,49415499.18107371,44880173.1760863,30208943.1760863,29332941.40853773,0,0.0,0.0
1887,49084742.49317562,45042260.1495851,30371030.149585098,29465885.230409935,0,0.0,0.0
1888,50591147.95268427,46497155.215803705,31825925.215803705,30659190.93753085,0,0.0,0.0
1889,51718983.257506825,47218256.70939775,32547026.709397748,31250638.76610565,0,0.0,0.0
1890,53800837.85259326,48996445.68394899,34325215.68394899,32709110.308789875,0,0.0,0.0
1891,53877339.39945404,49534689.543652885,34863459.543652885,33150578.20879231,0,0.0,0.0
1892,51023156.68789809,47517838.69898248,32846608.698982477,31496356.073300343,0,0.0,0.0
1893,46450501.72884439,43345056.97939658,28673826.97939658,28336568.989646144,0,0.0,0.0
1894,41073455.505004555,38232159.52219972,23560929.52219972,23843974.11939785,0,0.0,0.0
1895,36508675.70518652,33845316.55358955,19174086.553589553,20156256.533643603,0,0.0,0.0
1896,36064854.23111919,33675543.632554114,19004313.632554114,19748592.221397817,0,0.0,0.0
1897,36908621.29208372,34355159.41124508,19683929.411245078,20263079.223353963,0,0.0,0.0
1898,36281983.62147407,34014599.73406033,19343369.734060332,20005266.59922769,0,0.0,0.0
1899,35600219.83621474,33216541.998230066,18545311.998230066,19401115.92355315,0,0.0,0.0
1900,35281838.39854412,32532911.48174698,17861681.48174698,18883589.65959771,0,0.0,0.0
1901,36560426.75159235,33678186.23057882,19006956.230578817,19750592.73753905,0,0.0,0.0
1902,41142644.404003635,38017912.30975672,23346682.30975672,23020665.636242338,0,0.0,0.0
1903,46547253.68516834,44209793.59276733,29538563.592767328,27633904.170002285,0,0.0,0.0
1904,48295539.0354868,44248417.27351785,29577187.273517847,27662680.60227059,0,0.0,0.0
1905,48888988.535031855,44266529.31207786,29595299.312077858,27898279.86232595,0,0.0,0.0
1906,47940594.35850773,42994753.22291949,28323523.222919486,28293836.986691922,0,0.0,0.0
1907,48072784.53139217,42254745.074294366,27583515.074294366,27583515.074294366,0,0.0,0.0
1908,47532211.1010009,40938854.79769572,26267624.79769572,26267624.79769572,0,0.0,0.0
1909,46735694.9954504,39488925.62568646,24817695.62568646,24817695.62568646,0,0.0,0.0
1910,45166850.773430385,36606345.62167228,21935115.62167228,21966491.981193285,0,0.0,0.0
1911,44608276.9790719,35309674.82471628,20638444.824716277,20985672.472062267,0,0.0,0.0
1912,46132682.802547775,36610890.593254484,21939660.593254484,21970184.080670167,0,0.0,0.0
1913,47870280.436760694,38621100.404080674,23949870.404080674,23549412.28583702,0,0.0,0.0
1914,49799131.938125566,39896638.517555386,25225408.517555386,25216739.141516365,0,0.0,0.0
1915,49885196.17834394,39201961.62930879,24530731.62930879,24530731.62930879,0,0.0,0.0
1916,46684506.46041857,35850073.3416412,21178843.341641203,21394768.34880864,0,0.0,0.0
1917,41692218.016378514,30098899.786031943,15427669.786031943,17040978.850197915,0,0.0,0.0
1918,35997915.377615996,24283362.783971548,9612132.783971548,12638464.531418959,0,0.0,0.0
1919,31959083.71246588,20683745.282987356,6012515.282987356,9913459.500138855,0,0.0,0.0
1920,32103649.13557779,20766097.794979196,6094867.794979196,7748322.603459945,0,0.0,0.0
1921,32652097.725204725,21007191.651505627,6335961.651505627,7955753.700316644,0,0.0,0.0
1922,31797080.43676069,20618359.637130406,5947129.637130406,7580896.612544876,0,0.0,0.0
1923,30976938.853503175,20206257.28704705,5535027.287047051,5646190.918408452,0,0.0,0.0
1924,31027002.36578708,21011878.21199237,6340648.211992372,6340648.211992372,0,0.0,0.0
1925,33568428.75341219,23996263.88320337,9325033.883203369,9325033.883203369,0,0.0,0.0
1926,38540466.78798908,29305799.755480606,14634569.755480606,14634569.755480606,0,0.0,0.0
1927,45564546.31483166,36679374.684204355,22008144.684204355,21368461.10159975,0,0.0,0.0
1928,47243080.25477707,38652816.33904946,23981586.33904946,23031851.3916728,0,0.0,0.0
1929,47846092.4476797,39158048.81498268,24486818.814982682,23457705.78297622,0,0.0,0.0
1930,47987282.80254778,39703411.28023688,25032181.280236878,23917385.260728687,0,0.0,0.0
1931,47961969.79071882,39845847.41718844,25174617.417188443,24037442.971367884,0,0.0,0.0
1932,48005283.16651501,40824371.91834172,26153141.91834172,24862229.53134586,0,0.0,0.0
1933,49181494.44949954,41919236.49338229,27248006.49338229,25785077.743552256,0,0.0,0.0
1934,46144495.54140127,38236637.486883774,23565407.486883774,22681059.23122228,0,0.0,0.0
1935,46177121.2010919,37101756.235389896,22430526.235389896,21724481.442623287,0,0.0,0.0
1936,47891093.357597806,37222681.052113846,22551451.052113846,21826407.519572973,0,0.0,0.0
1937,49125805.8234759,38760455.93578173,24089225.935781732,23122579.516110733,0,0.0,0.0
1938,50294704.45859873,41028713.59896277,26357483.59896277,25034466.68189337,0,0.0,0.0
1939,49040304.09463148,39495089.32704161,24823859.32704161,23741793.18619062,0,0.0,0.0
1940,45927928.662420385,35555938.50113597,20884708.501135968,20421530.223838694,0,0.0,0.0
1941,41106081.16469517,29349089.978829872,14677859.978829872,15132913.437334798,0,0.0,0.0
1942,35757723.020928115,23997488.341833368,9326258.341833368,10528529.843758684,0,0.0,0.0
1943,31337508.644222025,19916415.12412525,5245185.12412525,7017276.981084073,0,0.0,0.0
1944,31460136.12374886,19968707.08705286,5297477.087052859,6953859.46401973,0,0.0,0.0
1945,31756017.10646041,19900833.76991178,5229603.769911781,6897263.031120347,0,0.0,0.0
1946,30220923.566878986,17470180.369064964,2798950.3690649644,4870453.116750692,0,0.0,0.0
1947,29342843.312101893,16554290.696648756,1883060.696648756,4106734.9050652185,0,0.0,0.0
1948,29401907.006369423,21723222.66397233,7051992.663972329,8416869.1901195,0,0.0,0.0
1949,30236111.37397634,17011064.35438607,2339834.354386069,3701009.91657216,0,0.0,0.0
1950,34555636.21474067,21265716.218079798,6594486.218079798,6594486.218079798,0,0.0,0.0
1951,40438942.675159246,26863591.65036378,12192361.65036378,12192361.65036378,0,0.0,0.0
1952,41909909.91810737,28235212.47190654,13563982.471906539,13563982.471906539,0,0.0,0.0
1953,43239686.806187436,29346726.809270345,14675496.809270345,14675496.809270345,0,0.0,0.0
1954,44399585.25932666,30719749.153522544,16048519.153522544,15902583.342835441,0,0.0,0.0
1955,43775197.634212926,29872974.009328414,15201744.009328414,15211403.261673758,0,0.0,0.0
1956,43672258.05277526,30428653.446304567,15757423.446304567,15665813.71243419,0,0.0,0.0
1957,43228999.090081885,31155555.097639702,16484325.097639702,16257056.492925666,0,0.0,0.0
1958,42647924.84076433,30989832.590857323,16318602.590857323,16122262.142795814,0,0.0,0.0
1959,43637382.34758871,33598373.767789155,18927143.767789155,18243981.27170809,0,0.0,0.0
1960,44270770.15468607,36199959.281490624,21528729.281490624,20360042.84617551,0,0.0,0.0
1961,45647797.99818015,38821082.78077181,24149852.780771807,22491996.106812775,0,0.0,0.0
1962,47889405.82347588,42453554.77134296,27782324.771342963,25446553.763708953,0,0.0,0.0
1963,47632338.1255687,44822633.125408,30151403.125408,27373500.099140763,0,0.0,0.0
1964,45239414.74067335,41051220.91334165,26379990.91334165,24305932.10208642,0,0.0,0.0
1965,41387336.85168334,37717758.44473897,23046528.44473897,21594580.96540844,0,0.0,0.0
1966,36987372.8844404,33873179.117267266,19201949.117267266,18467500.751435436,0,0.0,0.0
1967,33642680.254777074,31162373.916128803,16491143.916128803,16262602.741439138,0,0.0,0.0
1968,32928853.32120109,30523432.40261526,15852202.40261526,17271471.60284148,0,0.0,0.0
1969,33284360.509554144,30847761.13457907,16176531.13457907,17518031.23737803,0,0.0,0.0
1970,32546345.58689718,30290952.29317523,15619722.293175232,17094736.688011482,0,0.0,0.0
1971,31518637.306642402,29432798.631176084,14761568.631176084,16442355.223077597,0,0.0,0.0
1972,30728871.33757961,28510149.32811168,13838919.328111678,15740943.190935051,0,0.0,0.0
1973,31020252.229299363,28770921.04092077,14099691.040920772,15939185.8129142,0,0.0,0.0
1974,32053585.623293906,29823867.15408348,15152637.15408348,16739651.46169006,0,0.0,0.0
1975,35028708.28025478,32764116.2102428,18092886.2102428,18974873.51045365,0,0.0,0.0
1976,39299857.142857134,37088887.03709056,22417657.037090562,22247357.541501906,0,0.0,0.0
1977,41944223.11191993,40146441.826911286,25475211.826911286,24499498.992973804,0,0.0,0.0
1978,42548922.83894449,40758396.63449584,26087166.63449584,24950254.215145815,0,0.0,0.0
1979,43072058.41674248,41372569.683193326,26701339.683193326,25402643.354975287,0,0.0,0.0
1980,42981494.08553229,41348394.973503314,26677164.973503314,25384836.686080433,0,0.0,0.0
1981,41824970.70063694,40187279.81264745,25516049.812647447,24529579.53994463,0,0.0,0.0
1982,41076830.5732484,39128909.99583212,24457679.995832123,23750002.819562696,0,0.0,0.0
1983,40539632.211100996,38305812.27902645,23634582.27902645,23143723.41851927,0,0.0,0.0
1984,41465525.93266607,39163960.32935352,24492730.32935352,23775820.283005778,0,0.0,0.0
1985,43279625.11373976,41116664.68983335,26445434.68983335,25214148.20679237,0,0.0,0.0
1986,44619527.2065514,42638560.305231474,27967330.305231474,26335149.93394455,0,0.0,0.0
1987,44428835.85077342,42699873.35014798,28028643.350147977,26530778.184955027,0,0.0,0.0
1988,41835658.4167425,40238286.89196767,25567056.89196767,25566347.414787035,0,0.0,0.0
1989,38829597.63421292,37412049.13010251,22740819.130102508,22740819.130102508,0,0.0,0.0
1990,35475342.31119198,34017368.30359821,19346138.30359821,19927614.811691,0,0.0,0.0
1991,33570678.7989081,31996206.127142824,17324976.127142824,18391096.586652815,0,0.0,0.0
1992,32881039.854413096,31740571.878984615,17069341.878984615,17820834.43991881,0,0.0,0.0
1993,32581783.803457685,31137332.616447613,16466102.616447613,17400311.949923825,0,0.0,0.0
1994,31441010.737033665,29924945.638223704,15253715.638223704,16555148.14414627,0,0.0,0.0
1995,30426240.21838035,28723385.31658127,14052155.316581272,15717531.679642247,0,0.0,0.0
1996,29971168.516833484,28179240.53251895,13508010.53251895,15338204.381632308,0,0.0,0.0
1997,30599493.72156506,28703221.142954618,14031991.142954618,15703475.087127844,0,0.0,0.0
1998,31360571.61055504,29489835.700963464,14818605.700963464,16251829.833151853,0,0.0,0.0
1999,33287173.066424023,31386740.937630422,16715510.937630422,17574176.309826676,0,0.0,0.0
2000,36111542.67515924,34264866.65537385,19593636.65537385,19584688.894420397,0,0.0,0.0
2001,38015643.676069155,36010504.31730369,21339274.317303687,20771666.908938825,0,0.0,0.0
2002,39672239.67242947,37492861.91219735,22821631.91219735,21783657.33336535,0,0.0,0.0
2003,40871513.92174704,38602581.685578875,23931351.685578875,22541251.714321353,0,0.0,0.0
2004,40467068.24385804,38100486.4638502,23429256.4638502,22198476.422927372,0,0.0,0.0
2005,39277356.687898085,36806099.78039706,22134869.780397058,21314811.824269082,0,0.0,0.0
2006,38989350.864422195,36455320.7765267,21784090.776526697,21075338.572855573,0,0.0,0.0
2007,39451735.213830754,36678457.21532973,22007227.21532973,21227671.54580838,0,0.0,0.0
2008,40768574.340309374,37895740.9796407,23224510.9796407,22058698.767267015,0,0.0,0.0
2009,41543152.50227479,38872143.78494193,24200913.784941927,22725279.01264897,0,0.0,0.0
2010,41693343.039126486,39330509.8174766,24659279.8174766,23038200.83219195,0,0.0,0.0
2011,41761406.91537762,39615521.7840863,24944291.784086302,23656918.315020714,0,0.0,0.0
2012,39249793.63057325,37240780.210957564,22569550.210957564,22569550.210957564,0,0.0,0.0
2013,35338089.53594177,33227129.915413115,18555899.915413115,18857124.890198696,0,0.0,0.0
2014,32074961.055505004,30013984.731220458,15342754.731220458,16617217.94533331,0,0.0,0.0
2015,30314862.966333028,28434355.949856073,13763125.949856073,15516047.1998924,0,0.0,0.0
2016,31051190.35486806,29235232.99074228,14564002.990742281,16173959.01908377,0,0.0,0.0
2017,31683453.139217474,29888994.9060247,15217764.906024698,16721000.200246232,0,0.0,0.0
2018,31158630.027297545,29313740.15329736,14642510.153297361,16239650.595680572,0,0.0,0.0
2019,30953313.375796176,28952763.370339178,14281533.370339178,15937600.015636668,0,0.0,0.0
2020,32463093.903548677,30496351.385427006,15825121.385427006,17229211.21424418,0,0.0,0.0
2021,37158938.85350319,35148495.35342461,20477265.35342461,21121934.653314285,0,0.0,0.0
2022,43109184.16742493,41003766.82687943,26332536.826879427,25984146.08842972,0,0.0,0.0
2023,44694341.21929026,42566403.782718346,27895173.782718346,27261161.514142327,0,0.0,0.0
2024,45074598.90809827,43251117.8320375,28579887.8320375,27820722.325702224,0,0.0,0.0
2025,44907533.03002729,43483436.09791675,28812206.097916752,28010577.050495505,0,0.0,0.0
2026,45263602.72975433,44049959.76143784,29378729.76143784,28473550.522769015,0,0.0,0.0
2027,46984325.02274794,46004505.10753145,31333275.10753145,30070840.63413486,0,0.0,0.0
2028,47274018.38034577,46356972.63771113,31685742.63771113,30358883.529460244,0,0.0,0.0
2029,46375687.71610556,45416721.91487354,30745491.91487354,29590493.48683744,0,0.0,0.0
2030,46778445.8598726,45809465.650063425,31138235.650063425,29911450.831609957,0,0.0,0.0
2031,46682818.926296644,45531946.18108928,30860716.181089282,29684656.85909361,0,0.0,0.0
2032,47366270.245677896,45838330.32191256,31167100.321912557,29935039.567990307,0,0.0,0.0
2033,47046763.785259336,45120064.81208459,30448834.812084593,29532641.5377053,0,0.0,0.0
2034,46638380.5277525,44230160.4206405,29558930.4206405,29558930.4206405,0,0.0,0.0
2035,45594359.4176524,43005401.45283162,28334171.45283162,28334171.45283162,0,0.0,0.0
2036,41743969.06278434,38791829.97315233,24120599.973152332,24170527.76826343,0,0.0,0.0
2037,36395048.4076433,32624596.67060572,17953366.67060572,19010039.658655267,0,0.0,0.0
2038,31483199.090081893,27080687.223655917,12409457.223655917,14371123.409141038,0,0.0,0.0
2039,29884541.765241135,25061605.912616633,10390375.912616633,12681638.905020233,0,0.0,0.0
2040,30745746.678798903,25159034.92272862,10487804.92272862,11999092.715655362,0,0.0,0.0
2041,31264944.67697907,24680330.3847346,10009100.3847346,11620741.976058736,0,0.0,0.0
2042,30778934.849863507,22947445.725017104,8276215.725017104,10251132.66467185,0,0.0,0.0
2043,30537054.959053684,22952958.769695163,8281728.769695163,10255489.975634715,0,0.0,0.0
2044,31241319.19927207,23264325.569428146,8593095.569428146,9936645.57853355,0,0.0,0.0
2045,35317276.615104645,26993523.687884636,12322293.687884636,12322293.687884636,0,0.0,0.0
2046,41219708.4622384,33007277.18237496,18336047.18237496,18187527.59266062,0,0.0,0.0
2047,43697008.55323022,35546745.81678636,20875515.816786364,20137177.807490032,0,0.0,0.0
2048,44531775.43221109,35379785.509742215,20708555.509742215,20008995.795676343,0,0.0,0.0
2049,44927783.439490445,35294506.61581989,20623276.615819886,19943523.82583071,0,0.0,0.0
2050,45080224.02183803,35594418.91291917,20923188.91291917,20173778.323384345,0,0.0,0.0
2051,45441356.32393084,36307208.14550328,21635978.145503283,20721014.72615166,0,0.0,0.0
2052,44770280.25477706,35492662.3421937,20821432.3421937,20095655.79125818,0,0.0,0.0
2053,44370334.66787987,35037754.17817244,20366524.17817244,19746404.854391504,0,0.0,0.0
2054,44016515.01364877,35465429.243982136,20794199.243982136,20074747.867821295,0,0.0,0.0
2055,46037618.38034577,37512588.593543515,22841358.593543515,21646432.83040697,0,0.0,0.0
2056,46343624.56778891,38352085.384848505,23680855.384848505,22290947.622729164,0,0.0,0.0
2057,45965054.41310281,39140641.90112904,24469411.901129037,22896353.557080388,0,0.0,0.0
2058,46204121.74704276,39727401.25920286,25056171.25920286,23346831.855185833,0,0.0,0.0
2059,45299603.457688816,38411868.47710365,23740638.47710365,22336845.46020548,0,0.0,0.0
2060,41861533.93994541,34554041.08259339,19882811.08259339,19375039.235642664,0,0.0,0.0
2061,37099312.64786169,29745404.310307033,15074174.310307033,15623993.070945714,0,0.0,0.0
2062,33463239.12647862,26144328.272344034,11473098.272344034,12777832.91542194,0,0.0,0.0
2063,31647452.41128298,24712300.417717487,10041070.417717487,11646009.93293813,0,0.0,0.0
2064,32261714.831665143,25752150.52809447,11080920.52809447,13256179.741394684,0,0.0,0.0
2065,32878227.29754322,26692936.471868206,12021706.471868206,14044826.63707788,0,0.0,0.0
2066,32463656.414922655,26417403.719250273,11746173.719250273,13813851.619381988,0,0.0,0.0
2067,32433843.312101908,27173315.786636855,12502085.786636855,14447521.487962928,0,0.0,0.0
2068,33625242.4021838,28752630.876965176,14081400.876965176,15771437.891621063,0,0.0,0.0
2069,37795701.728844404,35289611.7074492,20618381.707449198,21032046.29388837,0,0.0,0.0
2070,44472711.73794358,41368278.21864429,26697048.21864429,26287729.077386893,0,0.0,0.0
2071,46402688.2620564,43920173.40465926,29248943.404659256,28357205.765609127,0,0.0,0.0
2072,47130015.46860783,44915263.52658421,30244033.526584208,29164180.840952918,0,0.0,0.0
2073,47586212.19290265,45961592.49000222,31290362.490002222,30012708.40190918,0,0.0,0.0
2074,48080659.69062785,45877159.83683475,31205929.83683475,29944237.169856865,0,0.0,0.0
2075,48402978.7079163,46195603.55500583,31524373.555005834,30202481.260318503,0,0.0,0.0
2076,47466959.781619646,44829573.69029175,30158343.690291747,29094690.087728936,0,0.0,0.0
2077,47232955.05004549,44382415.5017246,29711185.5017246,28732064.125558272,0,0.0,0.0
2078,45979679.70882621,42919686.55136717,28248456.55136717,27545854.17440444,0,0.0,0.0
2079,47985032.757051855,44206605.64449785,29535375.64449785,28589489.930863936,0,0.0,0.0
2080,48609420.38216561,44253390.995974146,29582160.995974146,28627430.82857832,0,0.0,0.0
2081,48134660.78252957,43915389.68187575,29244159.68187575,28353326.37321179,0,0.0,0.0
2082,47687464.240218386,43740080.2399499,29068850.239949897,28211157.993695647,0,0.0,0.0
2083,47320706.82438579,43729255.707483776,29058025.707483776,28202379.76576439,0,0.0,0.0
2084,44162205.45950864,40696765.712463304,26025535.712463304,25743161.461519662,0,0.0,0.0
2085,39279044.222020015,35328239.375996046,20657009.375996046,21283672.916293092,0,0.0,0.0
2086,35835349.590536855,32310215.945925914,17638985.945925914,18753708.661431316,0,0.0,0.0
2087,33567866.24203822,30069691.85223206,15398461.852232061,16875510.562395908,0,0.0,0.0
2088,34224879.52684258,30686621.904019855,16015391.904019855,17264173.28826384,0,0.0,0.0
2089,35223337.21565058,31751230.282733824,17080000.282733824,18134813.123256743,0,0.0,0.0
2090,35058521.38307553,31779066.091081075,17107836.091081075,18157577.328452688,0,0.0,0.0
2091,34988207.46132846,31901951.078105133,17230721.078105133,18258073.02899842,0,0.0,0.0
2092,35755472.9754322,33220033.1844768,18548803.1844768,19336004.41723793,0,0.0,0.0
2093,39557487.3521383,37304765.23538853,22633535.235388532,22676510.19373015,0,0.0,0.0
2094,45326041.49226569,42939316.33229716,28268086.33229716,27196699.066991996,0,0.0,0.0
2095,47031013.46678799,44205840.29341119,29534610.293411188,28211863.182411626,0,0.0,0.0
2096,47108077.52502274,44244519.48942303,29573289.48942303,28242865.937203526,0,0.0,0.0
2097,47508023.111919925,44732406.53065534,30061176.53065534,28633924.797394104,0,0.0,0.0
2098,47797716.46951774,44966065.08782913,30294835.087829128,28821210.46255823,0,0.0,0.0
2099,47730777.61601455,44509949.57856615,29838719.57856615,28455617.618122157,0,0.0,0.0
2100,46951699.363057315,43229532.60198587,28558302.60198587,28137540.279385388,0,0.0,0.0
2101,46858884.98635123,42631165.36037675,27959935.360376753,27959935.360376753,0,0.0,0.0
2102,46944386.715195626,44108633.76345718,29437403.76345718,29437403.76345718,0,0.0,0.0
2103,47152515.92356686,41854791.4773563,27183561.4773563,27183561.4773563,0,0.0,0.0
2104,47491147.770700626,40779506.06186455,26108276.061864547,26108276.061864547,0,0.0,0.0
2105,46827384.34940855,38895687.74214823,24224457.742148228,24224457.742148228,0,0.0,0.0
2106,46495502.638762504,37287389.84951631,22616159.84951631,22662300.55252197,0,0.0,0.0
2107,45256290.08189261,35515790.561281115,20844560.561281115,21213481.491144806,0,0.0,0.0
2108,41957160.87352137,32073366.838411488,17402136.838411488,18398257.337380994,0,0.0,0.0
2109,37596010.19108281,27113674.701324888,12442444.701324888,14342206.652278446,0,0.0,0.0
2110,34563511.37397634,24058450.091186587,9387220.091186587,11843635.061427044,0,0.0,0.0
2111,32280277.707006365,22192065.281582035,7520835.281582035,10317300.124414537,0,0.0,0.0
2112,32638597.4522293,22925242.52733733,8254012.527337331,10018471.322614703,0,0.0,0.0
2113,32801163.23930846,24383406.634514265,9712176.634514265,11177611.78020893,0,0.0,0.0
2114,32083398.72611465,24025380.95625655,9354150.95625655,10893005.921044286,0,0.0,0.0
2115,31472511.37397634,24196037.23107655,9524807.23107655,9966921.929451331,0,0.0,0.0
2116,31801580.5277525,28044472.825751867,13373242.825751867,13373242.825751867,0,0.0,0.0
2117,32659972.884440407,27277611.730252698,12606381.730252698,12606381.730252698,0,0.0,0.0
2118,36378173.06642402,31633793.43496481,16962563.43496481,16939706.428392984,0,0.0,0.0
2119,38457777.61601456,35467252.383204944,20796022.383204944,19884457.965466127,0,0.0,0.0
2120,39869118.6533212,35427828.77989392,20756598.77989392,19854159.53529854,0,0.0,0.0
2121,41698405.64149227,37184978.19375607,22513748.193756074,21204590.85914028,0,0.0,0.0
2122,42101726.2966333,37366385.36185407,22695155.36185407,21344008.668597076,0,0.0,0.0
2123,42223228.75341217,37539263.0751515,22868033.075151503,21476871.29108622,0,0.0,0.0
2124,42370606.73339398,37167175.689559035,22495945.689559035,21190909.006520994,0,0.0,0.0
2125,42466233.66696997,36395264.294083305,21724034.294083305,20597667.862963602,0,0.0,0.0
2126,42119164.14922657,35974908.511304446,21303678.511304446,20274609.61205773,0,0.0,0.0
2127,42857741.58325751,35698198.77353464,21026968.77353464,20061948.415150728,0,0.0,0.0
2128,44051390.718835294,35909661.89837284,21238431.898372836,20224465.28785723,0,0.0,0.0
2129,43775197.634212926,34902501.27268874,20231271.27268874,19450426.81034701,0,0.0,0.0
2130,42955618.56232938,34170621.466105886,19499391.466105886,18887951.35532902,0,0.0,0.0
2131,41443587.98908098,36077765.334389575,21406535.334389575,20353658.70980049,0,0.0,0.0
2132,38605155.59599634,29411450.706624154,14740220.706624154,15174561.971112333,0,0.0,0.0
2133,34739577.43403093,26329752.011010792,11658522.011010792,12724822.865191987,0,0.0,0.0
2134,31288570.15468608,22043554.63075383,7372324.63075383,9317589.91504823,0,0.0,0.0
2135,29774852.047315743,21033691.562505446,6362461.562505446,8514818.036851874,0,0.0,0.0
2136,30116858.962693356,21595097.638415195,6923867.638415195,8748164.431326047,0,0.0,0.0
2137,30516804.549590524,22441708.80841256,7770478.808412559,9406471.780203164,0,0.0,0.0
2138,29986356.323930845,21578112.477414582,6906882.477414582,8734957.12116429,0,0.0,0.0
2139,29552097.54322111,21549190.198935594,6877960.198935594,8712467.75515575,0,0.0,0.0
2140,29585848.22565969,21192144.70854311,6520914.708543111,7572725.527417358,0,0.0,0.0
2141,30960626.02365786,22528398.328232497,7857168.328232497,7857168.328232497,0,0.0,0.0
2142,33268047.67970882,24942766.301321194,10271536.301321194,10271536.301321194,0,0.0,0.0
2143,36307296.633303,28222642.89936311,13551412.899363112,13551412.899363112,0,0.0,0.0
2144,38589967.788899004,31084585.340364173,16413355.340364173,16089071.129017001,0,0.0,0.0
2145,40081747.95268426,32633078.173243057,17961848.173243057,17247726.92122023,0,0.0,0.0
2146,40723010.91901728,33597944.35088658,18926714.350886583,17969685.564935252,0,0.0,0.0
2147,41045329.936305724,33799762.07372779,19128532.073727787,18120695.158634484,0,0.0,0.0
2148,40391129.20837124,32716642.132242028,18045412.132242028,17310253.439301413,0,0.0,0.0
2149,39894431.665150136,32821580.72240995,18150350.72240995,17388773.470354874,0,0.0,0.0
2150,39867993.63057325,32803121.971456878,18131891.971456878,17374961.75727845,0,0.0,0.0
2151,40838325.75068244,34083474.29517459,19412244.29517459,18332982.10095571,0,0.0,0.0
2152,41649467.151956305,35287355.094310105,20616125.094310105,19233782.822420664,0,0.0,0.0
2153,41587590.90081892,35582311.31339261,20911081.31339261,19454483.05714565,0,0.0,0.0
2154,40815262.78434941,35195854.27873904,20524624.278739043,19165317.57175779,0,0.0,0.0
2155,40308440.03639672,37006441.17292171,22335211.17292171,20520084.573379494,0,0.0,0.0
2156,38529779.07188354,34104427.01790177,19433197.01790177,18348659.922018103,0,0.0,0.0
2157,35308276.433121026,31149303.014165986,16478073.014165986,16137495.962517178,0,0.0,0.0
2158,32099149.04458598,27834677.312631626,13163447.312631626,13599932.63260524,0,0.0,0.0
2159,30708058.41674249,26514792.573973317,11843562.573973317,12573617.537882086,0,0.0,0.0
2160,30960063.51228389,28484166.447300516,13812936.447300516,15079694.582821583,0,0.0,0.0
2161,31432010.555050053,27671960.09226814,13000730.09226814,14457679.478967218,0,0.0,0.0
2162,30967376.16014558,27118895.107195627,12447665.107195627,14034123.603053914,0,0.0,0.0
2163,30805372.8844404,28236443.07062155,13565213.07062155,14889979.640408982,0,0.0,0.0
2164,30619181.619654234,28229576.274642248,13558346.274642248,14884720.81574238,0,0.0,0.0
2165,31174380.34576888,27481955.014141098,12810725.014141098,14312167.162212031,0,0.0,0.0
2166,31826893.539581433,28344550.658490703,13673320.658490703,14972772.088509437,0,0.0,0.0
2167,33872747.4067334,30962829.425601248,16291599.425601248,16977938.54547346,0,0.0,0.0
2168,36611615.2866242,34032749.32997035,19361519.329970352,19326165.4969614,0,0.0,0.0
2169,39221668.061874434,37152903.40151184,22481673.40151184,21651816.789181743,0,0.0,0.0
2170,40405191.99272065,38752815.234546825,24081585.234546825,22844333.86898678,0,0.0,0.0
2171,41286647.31574159,39794747.21895819,25123517.21895819,23620952.7186947,0,0.0,0.0
2172,40622883.894449495,39179849.40727133,24508619.407271333,23162629.87387872,0,0.0,0.0
2173,39955182.89353957,38670059.11979263,23998829.119792633,22782650.419771045,0,0.0,0.0
2174,40273564.33121018,39046358.49950555,24375128.49950555,23063130.523838066,0,0.0,0.0
2175,40240376.16014557,38986071.82502135,24314841.82502135,23018194.992065217,0,0.0,0.0
2176,40360191.08280255,38973764.25202732,24302534.252027318,23009021.36717961,0,0.0,0.0
2177,39847743.22111009,37927715.81401711,23256485.81401711,22229334.260131832,0,0.0,0.0
2178,40035622.02001819,37582475.185824245,22911245.185824245,22392668.86694738,0,0.0,0.0
2179,39874743.76706095,37929826.23269773,23258596.232697733,23258596.232697733,0,0.0,0.0
2180,37618510.646041855,35542524.754089504,20871294.754089504,20871294.754089504,0,0.0,0.0
2181,34460571.79253867,33493245.602263477,18822015.602263477,18915816.85825591,0,0.0,0.0
2182,31030377.43403094,28276640.747251946,13605410.747251946,14920764.3810713,0,0.0,0.0
2183,28787082.074613284,25707357.788201205,11036127.788201205,12953120.571461497,0,0.0,0.0
2184,30026857.14285714,26440199.52446453,11768969.524464529,11698172.1574673,0,0.0,0.0
2185,30475178.70791629,24151802.798227295,9480572.798227295,10285352.901397066,0,0.0,0.0
2186,30086483.348498628,23284316.282437764,8613086.282437764,9749892.607799768,0,0.0,0.0
2187,29727601.09190173,21925350.092112526,7254120.092112526,8911064.081919946,0,0.0,0.0
2188,29852478.616924476,24950671.1259888,10279441.1259888,10778458.2829135,0,0.0,0.0
2189,31124879.344858963,29664930.05738447,14993700.057384469,13693405.135646248,0,0.0,0.0
2190,32232464.240218375,21626073.46295795,6954843.462957948,8726334.119209144,0,0.0,0.0
2191,34121377.434030935,27377861.922952674,12706631.922952674,12278330.691882232,0,0.0,0.0
2192,36794431.48316652,24605281.077190123,9934051.077190123,10565264.586447798,0,0.0,0.0
2193,38657469.153776154,26155020.921467245,11483790.921467245,11521104.672374817,0,0.0,0.0
2194,39632863.876251124,32177915.78056746,17506685.78056746,15248261.250723714,0,0.0,0.0
2195,40485068.607825294,27991455.125560556,13320225.125560556,12657978.349425001,0,0.0,0.0
2196,40393379.25386714,27278518.44981914,12607288.44981914,12216864.044750215,0,0.0,0.0
2197,40270751.77434032,26897413.429337673,12226183.429337673,11981063.472500332,0,0.0,0.0
2198,40440067.69790718,27394043.58949212,12722813.58949212,12288342.751616156,0,0.0,0.0
2199,41283834.7588717,28343644.151257038,13672414.151257038,12875887.768971466,0,0.0,0.0
2200,42914555.2320291,29632307.817818627,14961077.817818627,13673220.823332598,0,0.0,0.0
2201,42827928.48043676,29338992.582392707,14667762.582392707,13491738.301072301,0,0.0,0.0
2202,42059537.94358508,28753569.50179047,14082339.501790471,13368701.575882088,0,0.0,0.0
2203,41248396.542311184,33920354.60926981,19249124.609269813,19149537.05408524,0,0.0,0.0
2204,38172021.83803457,26175184.852893505,11503954.852893505,11533840.106832664,0,0.0,0.0
2205,34059501.18289354,22378984.743391752,7707754.743391752,9191072.288547583,0,0.0,0.0
2206,31069753.230209276,19496748.018887594,4825518.018887594,7411997.577149583,0,0.0,0.0
2207,29511596.724294804,18063164.791582752,3391934.791582752,6527111.320341118,0,0.0,0.0
2208,30233861.328480434,18500453.202237867,3829223.202237867,6396205.761967232,0,0.0,0.0
2209,30645057.142857138,19067230.025768876,4396000.025768876,6841325.529387085,0,0.0,0.0
2210,30158484.80436761,23761886.097202346,9090656.097202346,10513132.335783234,0,0.0,0.0
2211,30227673.70336669,19829178.90925859,5157948.909258589,5262993.221214737,0,0.0,0.0
2212,30755871.883530475,29190603.60402095,14519373.60402095,14519373.60402095,0,0.0,0.0
2213,34111252.22929936,28295774.831518393,13624544.831518393,13624544.831518393,0,0.0,0.0
2214,39442735.031847134,29354286.729677238,14683056.729677238,14683056.729677238,0,0.0,0.0
2215,42587736.123748854,32812932.535030298,18141702.535030298,17536610.548720192,0,0.0,0.0
2216,43702633.66696996,34171398.54051273,19500168.540512733,18545947.360667106,0,0.0,0.0
2217,43968139.035486795,34337797.24008314,19666567.240083143,18669581.174291212,0,0.0,0.0
2218,44013702.456778884,38410885.58431267,23739655.58431267,21695875.529506054,0,0.0,0.0
2219,44282020.3821656,34729414.26682505,20058184.26682505,18960551.6363275,0,0.0,0.0
2220,43747634.57688807,34041470.93987866,19370240.939878657,18449411.481463164,0,0.0,0.0
2221,43174435.4868062,32453848.569679126,17782618.569679126,17269812.069151256,0,0.0,0.0
2222,43914700.454959065,33120002.697274305,18448772.697274305,17764762.903915342,0,0.0,0.0
2223,44881657.50682438,34107859.43586633,19436629.435866334,18498737.966351055,0,0.0,0.0
2224,46086556.8698817,35459599.76194568,20788369.76194568,19503077.61548381,0,0.0,0.0
2225,45817676.433121,35131774.13452025,20460544.134520248,19259504.002066396,0,0.0,0.0
2226,45274852.95723384,35286575.65019031,20615345.65019031,19374521.137335442,0,0.0,0.0
2227,44596464.24021838,34387633.53806166,19716403.538061664,18706609.417852607,0,0.0,0.0
2228,41157269.69972701,31565456.319147315,16894226.319147315,16609738.87019647,0,0.0,0.0
2229,36377610.555050045,27782899.822302036,13111669.822302036,13686201.240026984,0,0.0,0.0
2230,31938270.79162875,23513718.140664294,8842488.140664294,10333387.43694158,0,0.0,0.0
2231,30685557.961783435,23008139.702184066,8336909.702184066,9936329.992801933,0,0.0,0.0
2232,31079315.923566878,23467491.234781988,8796261.234781988,10250132.400588855,0,0.0,0.0
2233,31538887.716105543,23679100.365323104,9007870.365323104,10417888.742962338,0,0.0,0.0
2234,31023627.29754322,23299819.154530056,8628589.154530056,10117207.820116878,0,0.0,0.0
2235,30589368.516833484,23105480.647531517,8434250.647531517,9963143.026064605,0,0.0,0.0
2236,31752079.526842587,30582195.25500089,15910965.25500089,15889863.84015137,0,0.0,0.0
2237,35136710.464058235,26766755.723771885,12095525.723771885,12865674.280943224,0,0.0,0.0
2238,39966995.632393084,31876012.45830068,17204782.45830068,16886240.226792395,0,0.0,0.0
2239,42789115.1956324,35387784.284809515,20716554.284809515,19594818.24209141,0,0.0,0.0
2240,43716133.9399454,35658555.65069204,20987325.65069204,19803660.21845952,0,0.0,0.0
2241,44294395.632393084,36278552.90504871,21607322.905048713,20281854.991827134,0,0.0,0.0
2242,44760717.56141948,36649093.73244399,21977863.73244399,20567647.688060276,0,0.0,0.0
2243,45444731.39217469,36926513.12454116,22255283.124541163,20781617.189375818,0,0.0,0.0
2244,44624589.80891719,35634501.22644812,20963271.22644812,19785107.394444592,0,0.0,0.0
2245,44124517.19745223,34620950.34513191,19949720.34513191,19003370.49064091,0,0.0,0.0
2246,43492816.924476795,32775884.755580783,18104654.755580783,17580298.50887976,0,0.0,0.0
2247,45052098.453139216,37801762.02010477,23130532.020104773,22317396.818021905,0,0.0,0.0
2248,45640485.35031847,31940872.915354706,17269642.915354706,17269642.915354706,0,0.0,0.0
2249,45083599.09008191,31494699.852463163,16823469.852463163,16823469.852463163,0,0.0,0.0
2250,44953096.45131938,31501395.67411731,16830165.67411731,16830165.67411731,0,0.0,0.0
2251,44091891.53776161,36531107.858407766,21859877.858407766,21859877.858407766,0,0.0,0.0
2252,40596445.85987262,28805968.52898047,14134738.528980471,14482291.109565815,0,0.0,0.0
2253,35802161.41947224,24061096.884850837,9389866.884850837,10720722.2679218,0,0.0,0.0
2254,30884686.98817106,18119266.878871225,3448036.878871225,6010246.560851712,0,0.0,0.0
2255,29344530.84622384,16573624.266509674,1902394.2665096745,4784914.976135486,0,0.0,0.0
2256,30426240.21838035,17705317.0717656,3034087.0717656016,5285044.376600131,0,0.0,0.0
2257,30910562.51137397,18827234.07038202,4156004.0703820214,6252587.027918721,0,0.0,0.0
2258,30408239.854413103,18787956.639345232,4116726.6393452324,6218714.1212694915,0,0.0,0.0
2259,30550555.232029118,19538309.97277328,4867079.97277328,5069101.373215149,0,0.0,0.0
2260,32136274.795268416,26146251.662991542,11475021.662991542,11475021.662991542,0,0.0,0.0
2261,36055291.53776161,30527368.020132743,15856138.020132743,15856138.020132743,0,0.0,0.0
2262,40993016.378525935,31845511.59971846,17174281.59971846,17174281.59971846,0,0.0,0.0
2263,43200311.010009095,33930146.52202952,19258916.52202952,19258916.52202952,0,0.0,0.0
2264,43663820.3821656,35336417.63927567,20665187.63927567,20458732.515748285,0,0.0,0.0
2265,43906825.29572338,36548475.61506741,21877245.615067407,21474184.062966846,0,0.0,0.0
2266,44507587.443130106,38754047.59320883,24082817.593208827,23321992.93221061,0,0.0,0.0
2267,45260227.661510475,40661942.71822862,25990712.718228623,24920410.74334426,0,0.0,0.0
2268,45203976.52411283,41574359.2319595,26903129.2319595,25684825.300305184,0,0.0,0.0
2269,45086411.64695177,41848708.01358167,27177478.01358167,25914672.30460691,0,0.0,0.0
2270,45183163.60327571,42390144.28305391,27718914.283053912,26368282.864940636,0,0.0,0.0
2271,46057868.7898089,42987326.18146851,28316096.18146851,26868596.624536093,0,0.0,0.0
2272,47058576.52411281,44074503.08335774,29403273.083357736,27779423.902746573,0,0.0,0.0
2273,46496065.15013648,43272065.71721042,28600835.71721042,27107148.911553998,0,0.0,0.0
2274,45279915.55959962,41754478.04791492,27083248.047914922,25835727.26539115,0,0.0,0.0
2275,44498587.261146486,40584196.8637643,25912966.8637643,24855275.947994187,0,0.0,0.0
2276,41002016.560509555,37960201.63826604,23288971.638266042,22656915.750012893,0,0.0,0.0
2277,36104230.02729753,30862576.455179427,16191346.455179427,16631881.659227867,0,0.0,0.0
2278,31474761.41947225,25424312.228100646,10753082.228100646,11941915.649863726,0,0.0,0.0
2279,29733226.205641493,23038094.352548216,8366864.352548216,9884038.308863414,0,0.0,0.0
2280,30160734.849863507,22331851.664067574,7660621.664067574,8862840.118461473,0,0.0,0.0
2281,30631556.869881716,21826029.442756623,7154799.442756623,8539580.830441935,0,0.0,0.0
2282,30198423.111919917,20654478.838876285,5983248.838876285,7790869.923460236,0,0.0,0.0
2283,29746726.47861692,19529045.83717995,4857815.837179951,7071631.709885589,0,0.0,0.0
2284,30757559.41765241,19352158.746680606,4680928.746680606,6958587.2596309725,0,0.0,0.0
2285,33493614.74067334,26549359.467242368,11878129.467242368,11534323.512911517,0,0.0,0.0
2286,37516133.57597816,25260412.24011033,10589182.24011033,10734415.480018595,0,0.0,0.0
2287,40539632.211100996,27916803.02371998,13245573.023719981,12371434.983984545,0,0.0,0.0
2288,41077955.595996365,28349738.864785768,13678508.864785768,12636466.441464486,0,0.0,0.0
2289,41282147.22474976,28751179.015386708,14079949.015386708,12882217.100367706,0,0.0,0.0
2290,41241083.89444949,28759925.1099229,14088695.1099229,12887571.219759809,0,0.0,0.0
2291,41531339.76342128,29239552.09038984,14568322.09038984,13181185.713230535,0,0.0,0.0
2292,40888951.7743403,28843509.732960917,14172279.732960917,12938739.435383027,0,0.0,0.0
2293,40873201.45586898,28141156.876088127,13469926.876088127,12508778.26408349,0,0.0,0.0
2294,40987391.26478617,27674144.262414724,13002914.262414724,12222885.940272458,0,0.0,0.0
2295,40876014.01273884,27225978.418570474,12554748.418570474,11948531.092463214,0,0.0,0.0
2296,41885159.417652406,28262702.39970082,13591472.39970082,12583185.102736376,0,0.0,0.0
2297,41460463.33030028,27905642.516167495,13234412.516167495,12364602.827109821,0,0.0,0.0
2298,40366378.70791629,27373406.27114945,12702176.271149449,12086592.344360411,0,0.0,0.0
2299,39924244.76797088,28000843.68588955,13329613.68588955,13272336.621907603,0,0.0,0.0
2300,37656198.90809828,26572064.572767384,11900834.572767384,11900834.572767384,0,0.0,0.0
2301,33954311.55595996,23087609.237717073,8416379.237717073,9345827.312144142,0,0.0,0.0
2302,30909437.488626026,20469143.387746803,5797913.387746803,7672426.32123647,0,0.0,0.0
2303,29527347.042766146,20289368.24140039,5618138.241400391,7557536.181256195,0,0.0,0.0
2304,30169172.520473156,22165720.817390118,7494490.817390118,9712655.937072923,0,0.0,0.0
2305,30202923.202911742,25957535.768051565,11286305.768051565,12605060.695690477,0,0.0,0.0
2306,29458720.655141033,22943785.461291976,8272555.461291976,10306165.353491373,0,0.0,0.0
2307,29027274.431301188,23039339.287328556,8368109.287328556,10379054.021511445,0,0.0,0.0
2308,29400219.472247496,24045881.715381484,9374651.715381484,10824505.593904873,0,0.0,0.0
2309,30186610.37306642,25162585.827479243,10491355.827479243,10491355.827479243,0,0.0,0.0
2310,32916478.070973612,28263860.850573115,13592630.850573115,13592630.850573115,0,0.0,0.0
2311,36790493.90354867,32481791.046794087,17810561.046794087,17544220.33099173,0,0.0,0.0
2312,39205355.232029125,35163038.629822426,20491808.629822426,19485712.058420263,0,0.0,0.0
2313,39860118.47133758,35992617.81740739,21321387.817407392,20086410.457232047,0,0.0,0.0
2314,40226875.88717014,36700580.66159765,22029350.661597647,20599046.445800353,0,0.0,0.0
2315,40252188.89899908,36541923.31578898,21870693.315788977,20484162.64083844,0,0.0,0.0
2316,39446110.10009098,35381139.86919,20709909.86919,19643639.19452449,0,0.0,0.0
2317,38537091.71974522,34679514.41334229,20008284.41334229,19135592.1096883,0,0.0,0.0
2318,38485340.6733394,34320220.42175138,19648990.42175138,18875427.283133697,0,0.0,0.0
2319,39315044.94995451,34698422.98881945,20027192.98881945,19149283.811677586,0,0.0,0.0
2320,40857451.13739764,35789230.71696189,21118000.71696189,19939137.83105605,0,0.0,0.0
2321,40533444.585987255,35219977.797014296,20548747.797014296,19526941.716870833,0,0.0,0.0
2322,39989496.08735214,35133419.58496676,20462189.584966756,19464264.90414565,0,0.0,0.0
2323,39489423.475887164,35075898.863601245,20404668.863601245,19422614.142241474,0,0.0,0.0
2324,37689949.590536855,33978760.16820547,19307530.16820547,18628175.86864243,0,0.0,0.0
2325,34582074.249317564,31028783.39601629,16357553.396016289,16473419.505946893,0,0.0,0.0
2326,31162567.60691537,28337108.599920046,13665878.599920046,14420204.069491688,0,0.0,0.0
2327,29824353.04822565,27728810.83409515,13057580.83409515,13956193.199915513,0,0.0,0.0
2328,29844040.946314823,28171013.57593194,13499783.57593194,15078260.280849777,0,0.0,0.0
2329,29684850.22747953,28657974.23190926,13986744.23190926,15451628.485434882,0,0.0,0.0
2330,29143151.774340317,28300032.576051164,13628802.576051164,15177183.246885307,0,0.0,0.0
2331,28420324.658780716,27852357.948054038,13181127.948054038,14833936.887981558,0,0.0,0.0
2332,28535076.979071878,27979236.885059614,13308006.885059614,14931218.999642843,0,0.0,0.0
2333,29511596.724294804,28634164.12669964,13962934.126699641,15433372.521377064,0,0.0,0.0
2334,30718746.132848047,30030782.396059383,15359552.396059383,16504204.115923574,0,0.0,0.0
2335,33077356.32393085,32222524.887618393,17551294.887618393,18184682.710942514,0,0.0,0.0
2336,36061479.16287535,35101118.37724792,20429888.377247922,20387526.408147942,0,0.0,0.0
2337,38010581.07370337,37115765.72218659,22444535.722186588,21879877.769251302,0,0.0,0.0
2338,39622176.16014558,38787478.25865167,24116248.258651666,23118199.94282411,0,0.0,0.0
2339,40372566.333030015,39584284.45031174,24913054.450311743,23708434.65940955,0,0.0,0.0
2340,40352315.92356687,39658653.77492615,24987423.77492615,23763523.786095418,0,0.0,0.0
2341,40168374.70427661,39341534.034572184,24670304.034572184,23528617.12744921,0,0.0,0.0
2342,39922557.23384896,39036242.4147552,24365012.414755203,23302472.15696,0,0.0,0.0
2343,40781512.101910815,39974436.52224166,25303206.52224166,23997440.066258892,0,0.0,0.0
2344,41576903.18471337,40645535.119875364,25974305.119875364,24494556.798936326,0,0.0,0.0
2345,41290584.89535942,40269560.92736312,25598330.92736312,24216053.665698156,0,0.0,0.0
2346,40788262.23839854,39831941.43385579,25160711.433855787,23891886.734735414,0,0.0,0.0
2347,40692635.30482257,39786049.17430827,25114819.17430827,23904206.527552668,0,0.0,0.0
2348,38557904.640582345,37728378.06716893,23057148.06716893,23057148.06716893,0,0.0,0.0
2349,35111959.96360327,34308994.62491036,19637764.624910362,19784445.340985764,0,0.0,0.0
2350,31587263.694267515,30535456.224720765,15864226.224720765,16891153.57271329,0,0.0,0.0
2351,29797915.013648774,28572430.81881628,13901200.818816282,15386039.633094223,0,0.0,0.0
2352,30364363.96724294,28871265.03250152,14200035.032501519,15641458.56171421,0,0.0,0.0
2353,30783997.452229302,29364571.58221079,14693341.58221079,16054569.921233186,0,0.0,0.0
2354,30237236.3967243,28963477.077989154,14292247.077989154,15718680.004441604,0,0.0,0.0
2355,29943605.459508635,28854169.7544285,14182939.754428498,15627142.405623721,0,0.0,0.0
2356,31380822.020018198,30442305.517167423,15771075.517167423,16957100.26738823,0,0.0,0.0
2357,35061333.9399454,34198005.37671526,19526775.376715258,20102248.60534848,0,0.0,0.0
2358,40666197.27024567,39223359.08406858,24552129.08406858,24285104.59726477,0,0.0,0.0
2359,44276957.77979981,42260343.34943177,27589113.349431768,26776092.23739769,0,0.0,0.0
2360,45566233.8489536,43722654.83802241,29051424.83802241,27975505.710048027,0,0.0,0.0
2361,46138870.42766151,44222131.80876286,29550901.808762863,28385185.46204263,0,0.0,0.0
2362,46431376.3421292,44459907.56615271,29788677.566152707,28580213.29920876,0,0.0,0.0
2363,46723319.74522293,45362588.80353782,30691358.803537823,29320608.246575184,0,0.0,0.0
2364,46550628.75341219,44798164.820388734,30126934.820388734,28857657.818463277,0,0.0,0.0
2365,46673256.23293904,44602155.42394449,29930925.42394449,28696887.481434833,0,0.0,0.0
2366,46148995.63239308,43827689.18476393,29156459.18476393,28061656.719293136,0,0.0,0.0
2367,46103432.211101,43397660.71063448,28726430.710634477,28132211.714896847,0,0.0,0.0
2368,46746945.22292993,43848669.264580965,29177439.264580965,29177439.264580965,0,0.0,0.0
2369,46213684.44040035,42840621.41562262,28169391.41562262,28169391.41562262,0,0.0,0.0
2370,45679861.14649681,41570233.86508236,26899003.86508236,26899003.86508236,0,0.0,0.0
2371,44360209.4631483,38897014.761829436,24225784.761829436,24225784.761829436,0,0.0,0.0
2372,40754511.55595996,35267474.37182979,20596244.371829793,20997857.615193438,0,0.0,0.0
2373,35852224.93175615,29717128.563845485,15045898.563845485,16349812.897587033,0,0.0,0.0
2374,31935458.23475886,25013786.434358113,10342556.434358113,12411077.313110232,0,0.0,0.0
2375,29833915.74158325,21954531.910898753,7283301.9108987525,9849155.530304631,0,0.0,0.0
2376,30373926.660600543,22116117.83845821,7444887.83845821,9309084.91514365,0,0.0,0.0
2377,30425115.195632387,22124012.206192106,7452782.206192106,9315535.9505298,0,0.0,0.0
2378,29642661.874431297,20765558.709932767,6094328.709932767,8205449.383726529,0,0.0,0.0
2379,29467720.83712466,20539729.789575435,5868499.789575435,7465213.719495316,0,0.0,0.0
2380,30757559.41765241,26552945.64824894,11881715.64824894,11881715.64824894,0,0.0,0.0
2381,34079751.59235668,24981231.902125716,10310001.902125716,10310001.902125716,0,0.0,0.0
2382,39108603.27570519,30080977.65787439,15409747.65787439,15409747.65787439,0,0.0,0.0
2383,42476358.87170155,33552328.23937887,18881098.23937887,18622741.067824762,0,0.0,0.0
2384,43810635.85077343,35198932.18729396,20527702.18729396,19926381.505174514,0,0.0,0.0
2385,44151517.74340311,35745497.91461332,21074267.91461332,20359105.588403646,0,0.0,0.0
2386,44409710.46405822,36750085.1240153,22078855.1240153,21154451.98039973,0,0.0,0.0
2387,44603776.888080075,37944069.6153703,23272839.615370303,22099746.971626807,0,0.0,0.0
2388,44436711.0100091,37732424.48008088,23061194.48008088,21932184.421396688,0,0.0,0.0
2389,44330958.87170153,37466289.89615514,22795059.89615514,21721481.77743537,0,0.0,0.0
2390,44999784.89535943,37788285.1867939,23117055.1867939,21976410.160210334,0,0.0,0.0
2391,45521795.45040944,38447430.6582415,23776200.658241503,22498265.274042103,0,0.0,0.0
2392,45900928.11646951,41162476.99776262,26491246.99776262,24647807.18541661,0,0.0,0.0
2393,45723737.03366697,37351219.27084707,22679989.270847067,21630378.67975807,0,0.0,0.0
2394,44895157.77979982,36859750.89603423,22188520.896034233,21241275.97664853,0,0.0,0.0
2395,44156580.345768884,39072581.22860015,24401351.22860015,22993206.127295677,0,0.0,0.0
2396,41078518.10737033,33429349.60071757,18758119.60071757,18525377.080272015,0,0.0,0.0
2397,36440049.31756142,29601929.862180866,14930699.862180866,15426261.09528615,0,0.0,0.0
2398,32474906.64240218,27072741.138318013,12401511.138318013,13359485.578125225,0,0.0,0.0
2399,30544930.11828936,25871743.389664903,11200513.389664903,12378067.022972666,0,0.0,0.0
2400,30877374.34030937,26221113.314258292,11549883.314258292,13354755.187528389,0,0.0,0.0
2401,31088878.61692448,26479792.328032278,11808562.328032278,13563095.442499042,0,0.0,0.0
2402,30348613.648771603,25192641.392786715,10521411.392786715,12526423.19714602,0,0.0,0.0
2403,30310362.875341218,26144983.633233283,11473753.633233283,13293440.290257888,0,0.0,0.0
2404,31371259.3266606,27411840.695522305,12740610.695522305,14313767.836423982,0,0.0,0.0
2405,34309256.232939035,29987202.304787964,15315972.304787964,16387965.841465311,0,0.0,0.0
2406,39817930.118289344,34743984.40773326,20072754.40773326,20219081.407080486,0,0.0,0.0
2407,43205373.61237489,38594115.810124375,23922885.810124375,23239663.678473122,0,0.0,0.0
2408,44634152.5022748,40324533.957336865,25653303.957336865,24588497.24447177,0,0.0,0.0
2409,45283290.627843484,40204639.016960785,25533409.016960785,24495041.03550102,0,0.0,0.0
2410,45889677.888989985,39608863.2076828,24937633.207682803,24030643.218904704,0,0.0,0.0
2411,46292998.544131026,39605824.10302536,24934594.103025362,24028274.284910813,0,0.0,0.0
2412,46156308.280254774,40373837.32362743,25702607.323627427,24626928.438386723,0,0.0,0.0
2413,45861552.32029118,40362453.42190432,25691223.421904318,24618054.867116716,0,0.0,0.0
2414,46797008.73521382,41430600.96467185,26759370.96467185,25450658.975808445,0,0.0,0.0
2415,46299748.68061873,40927039.949940935,26255809.949940935,25058141.13248165,0,0.0,0.0
2416,46858884.98635123,41114287.9368325,26443057.936832502,25204097.975509368,0,0.0,0.0
2417,46445439.12647861,40885930.63685615,26214700.636856154,25026097.07338921,0,0.0,0.0
2418,45388480.25477707,39707915.08455662,25036685.084556617,24107852.58966736,0,0.0,0.0
2419,44569463.694267504,39172616.43591767,24501386.435917668,24306046.902549516,0,0.0,0.0
2420,41762531.938125566,36597576.139736295,21926346.139736295,21926346.139736295,0,0.0,0.0
2421,37641573.61237489,34130566.957357,19459336.957356997,19725034.572162114,0,0.0,0.0
2422,33239922.111010008,27915647.190796126,13244417.190796126,14719533.932984615,0,0.0,0.0
2423,30913937.579617828,25946599.790013682,11275369.790013682,13133661.806973033,0,0.0,0.0
2424,31051190.35486806,25989266.820890307,11318036.820890307,13216082.3304912,0,0.0,0.0
2425,31628327.02456778,26275660.823430456,11604430.823430456,13442325.62051923,0,0.0,0.0
2426,31239069.15377616,25587762.72157698,10916532.721576981,12898905.268182939,0,0.0,0.0
2427,31025877.343039125,25054593.87763413,10383363.87763413,12477716.722598204,0,0.0,0.0
2428,32018147.406733397,28282914.47902178,13611684.47902178,15028000.135117747,0,0.0,0.0
2429,34771078.070973605,31009350.917896383,16338120.917896383,17181809.02955097,0,0.0,0.0
2430,40112123.566878974,33797857.67042067,19126627.67042067,19229539.33045746,0,0.0,0.0
2431,43219998.908098266,36534666.76268145,21863436.762681447,21502419.9612542,0,0.0,0.0
2432,44249394.722474985,37724224.633428134,23052994.633428134,22407303.96429102,0,0.0,0.0
2433,44640902.63876251,38586046.39901326,23914816.39901326,23062882.60264465,0,0.0,0.0
2434,45166850.773430385,39136550.51334068,24465320.51334068,23481645.21933697,0,0.0,0.0
2435,45502107.5523203,39616079.68544449,24944849.68544449,23846417.953389727,0,0.0,0.0
2436,45567921.38307553,39401111.06285098,24729881.062850982,23682893.61167979,0,0.0,0.0
2437,45891365.423111916,39431688.245089464,24760458.245089464,23706153.348550078,0,0.0,0.0
2438,46926386.35122837,40417732.4006135,25746502.4006135,24456226.635914885,0,0.0,0.0
2439,46988262.602365784,40569818.5038981,25898588.5038981,24571916.914909087,0,0.0,0.0
2440,47149703.366697006,40730795.05295837,26059565.05295837,24694370.06131826,0,0.0,0.0
2441,46775633.30300274,40020134.48735825,25348904.48735825,24153778.137869414,0,0.0,0.0
2442,45768175.4322111,39192453.1229871,24521223.1229871,23524169.73911112,0,0.0,0.0
2443,45036910.646041855,40662360.92313042,25991130.923130423,24642312.94760742,0,0.0,0.0
2444,41949285.71428571,35901556.635297,21230326.635297,21020819.830214605,0,0.0,0.0
2445,37296754.14012738,32222778.05496637,17551548.05496637,18140382.691237625,0,0.0,0.0
2446,33751807.46132848,29122566.868939865,14451336.868939865,15691302.150837634,0,0.0,0.0
2447,31825768.51683348,27427038.74010788,12755808.740107879,14351882.1252795,0,0.0,0.0
2448,32071023.475887172,28257689.64354816,13586459.64354816,15651680.392046142,0,0.0,0.0
2449,32583471.33757961,29199233.56387641,14528003.56387641,16415017.816911038,0,0.0,0.0
2450,32087336.30573248,30205263.490484864,15534033.490484864,17230635.948932525,0,0.0,0.0
2451,31799330.4822566,29397854.908475447,14726624.908475447,16576045.998853495,0,0.0,0.0
2452,32939541.037306644,30680640.31414211,16009410.314142112,17616037.960008632,0,0.0,0.0
2453,35787536.123748854,33690431.63157623,19019201.631576233,20056164.547868606,0,0.0,0.0
2454,41330523.20291172,39263978.78372458,24592748.783724584,24573030.68231244,0,0.0,0.0
2455,44528400.363967225,42459702.84231073,27788472.842310727,27068476.38976782,0,0.0,0.0
2456,45978554.68607824,43736156.986894526,29064926.986894526,28065653.259824928,0,0.0,0.0
2457,46618130.11828936,44468520.722728565,29797290.722728565,28637782.059704706,0,0.0,0.0
2458,46987700.09099181,44790976.66750988,30119746.667509884,28889687.395366564,0,0.0,0.0
2459,46808258.962693356,44672775.49943432,30001545.499434322,28797347.63422527,0,0.0,0.0
2460,46312123.93084623,44297286.61611846,29626056.61611846,28504012.514436666,0,0.0,0.0
2461,46036493.35759781,44204371.90963659,29533141.909636587,28431426.752868183,0,0.0,0.0
2462,45659610.737033665,43875406.47623053,29204176.476230532,28174436.149145555,0,0.0,0.0
2463,45739487.35213831,43695960.81593536,29024730.81593536,28034251.66806747,0,0.0,0.0
2464,46124807.64331208,44158835.86344489,29487605.863444887,28395853.60501255,0,0.0,0.0
2465,45835114.28571428,44075615.80748239,29404385.80748239,28330841.38715671,0,0.0,0.0
2466,45108349.59053684,43558243.66248267,28887013.66248267,27926665.852614667,0,0.0,0.0
2467,44222956.687898085,42865021.48209404,28193791.482094042,27385114.76985371,0,0.0,0.0
2468,41468901.00090991,40259609.11112969,25588379.111129694,25532710.710942175,0,0.0,0.0
2469,37039123.93084622,35911078.62731432,21239848.62731432,21856508.56014765,0,0.0,0.0
2470,33422738.30755232,32099934.279667195,17428704.279667195,18766701.43664444,0,0.0,0.0
2471,31518074.795268424,30302590.649567667,15631360.649567667,17309541.94723985,0,0.0,0.0
2472,31492761.783439487,30365695.909544177,15694465.909544177,16577537.377877433,0,0.0,0.0
2473,31522574.88626023,30347659.60619145,15676429.606191449,16565398.230092816,0,0.0,0.0
2474,30941500.636942673,29623858.268233873,14952628.268233873,16078251.211308574,0,0.0,0.0
2475,30328925.750682432,28906890.245629933,14235660.245629933,15595703.284883462,0,0.0,0.0
2476,29883416.742493168,28928660.094239097,14257430.094239097,15610355.256761914,0,0.0,0.0
2477,30988189.080982715,29681331.460318938,15010101.460318938,16116932.949951468,0,0.0,0.0
2478,32957541.401273888,31631217.093189176,16959987.093189176,17429283.346682344,0,0.0,0.0
2479,35187336.4877161,34153786.44825151,19482556.44825151,19107481.144258022,0,0.0,0.0
2480,37886266.06005459,36216022.408922784,21544792.408922784,20458151.287264593,0,0.0,0.0
2481,38157396.54231119,36805533.59709298,22134303.59709298,20844254.12710193,0,0.0,0.0
2482,39035476.79708825,37534026.66066954,22862796.660669543,21321383.732600614,0,0.0,0.0
2483,38404339.03548679,36749462.696698725,22078232.696698725,20807530.254325822,0,0.0,0.0
2484,37478445.31392174,35651496.48253821,20980266.48253821,20088412.65004649,0,0.0,0.0
2485,36902433.66696996,34884679.396841116,20213449.396841116,19586182.564571086,0,0.0,0.0
2486,36976685.16833485,35010979.26015893,20339749.260158934,19668903.192909695,0,0.0,0.0
2487,37494758.14376706,35460744.23633676,20789514.23633676,19963478.661613923,0,0.0,0.0
2488,38933662.23839854,36920677.12986874,22249447.12986874,20919667.869683497,0,0.0,0.0
2489,39353858.23475887,37393738.85759786,22722508.857597858,21812574.322907295,0,0.0,0.0
2490,38244023.293903545,36072200.14877479,21400970.148774788,21400970.148774788,0,0.0,0.0
2491,37772638.762511365,35288447.006494924,20617217.006494924,20617217.006494924,0,0.0,0.0
2492,35789223.65787079,32907887.613212433,18236657.613212433,18288533.261243198,0,0.0,0.0
2493,32946853.685168333,29282750.947471943,14611520.947471943,15848672.450286169,0,0.0,0.0
2494,29785539.763421286,25621573.230021037,10950343.230021037,13384554.581523577,0,0.0,0.0
2495,28498513.739763416,24304964.957428016,9633734.957428016,12498424.974869048,0,0.0,0.0
2496,28644766.69699727,24414090.813648526,9742860.813648526,10750067.575601196,0,0.0,0.0
2497,28594140.673339397,24240141.392924756,9568911.392924756,10632986.269476825,0,0.0,0.0
2498,27656996.72429481,23323303.09855274,8652073.098552741,10015883.754485512,0,0.0,0.0
2499,27146798.90809827,24843212.352504574,10171982.352504574,11038899.294880973,0,0.0,0.0
2500,27241300.8189263,23916788.087915175,9245558.087915175,10415344.686465895,0,0.0,0.0
2501,27669934.485896267,24097415.603822224,9426185.603822224,10536920.863014258,0,0.0,0.0
2502,28227383.257506825,23992925.289860986,9321695.289860986,9925923.175515706,0,0.0,0.0
2503,31091691.17379435,26309679.332948584,11638449.332948584,11638449.332948584,0,0.0,0.0
2504,33783308.09827115,28806059.425398625,14134829.425398625,13678921.38001308,0,0.0,0.0
2505,35277338.30755232,30237831.233439654,15566601.233439654,14612906.867179511,0,0.0,0.0
2506,35704284.44040036,30527291.773949586,15856061.773949586,14801730.213487418,0,0.0,0.0
2507,36882745.76888081,31373956.572355796,16702726.572355796,15354033.750800408,0,0.0,0.0
2508,36835494.81346678,33131998.583713997,18460768.583713997,16500854.574632678,0,0.0,0.0
2509,36530051.13739763,29549355.3280087,14878125.3280087,14163794.445545739,0,0.0,0.0
2510,37019998.544131026,29737031.779661305,15065801.779661305,14286221.134730421,0,0.0,0.0
2511,38336275.15923567,31029737.87647312,16358507.876473121,15129490.101763457,0,0.0,0.0
2512,38948287.53412193,32092851.907496255,17421621.907496255,15822989.631927524,0,0.0,0.0
2513,38685032.211101,31536669.43617261,16865439.43617261,15460175.981375631,0,0.0,0.0
2514,38214772.70245678,30464409.31217852,15793179.312178519,14760710.194541916,0,0.0,0.0
2515,37994830.75523202,30289159.76416365,15617929.76416365,14646389.928170478,0,0.0,0.0
2516,35786973.61237489,28275111.93977704,13603881.939777039,13332569.228620633,0,0.0,0.0
2517,32280840.218380347,24669023.06235281,9997793.06235281,10921656.538227981,0,0.0,0.0
2518,28153131.756141946,21141316.3801838,6470086.380183801,8547239.283755383,0,0.0,0.0
2519,27028109.008189257,19985033.662635885,5313803.662635885,7768972.300995304,0,0.0,0.0
2520,27708185.25932666,20522644.404874437,5851414.404874437,7410499.889748592,0,0.0,0.0
2521,27945565.059144676,20678615.14178396,6007385.14178396,7538448.998255422,0,0.0,0.0
2522,27382491.17379436,20403456.223047655,5732226.223047655,7312724.999974664,0,0.0,0.0
2523,27284614.194722474,20131798.753104348,5460568.753104348,7089873.381862286,0,0.0,0.0
2524,28853458.416742492,21640169.528284807,6968939.528284807,8327250.98105931,0,0.0,0.0
2525,32636909.918107376,28186246.995743744,13515016.995743744,13697263.284481844,0,0.0,0.0
2526,38177646.95177433,33723855.00034239,19052625.00034239,18147168.39263697,0,0.0,0.0
2527,39968120.65514104,32610072.59109604,17938842.59109604,17256338.163606636,0,0.0,0.0
2528,39984995.99636032,32583576.15638178,17912346.15638178,17235145.671420503,0,0.0,0.0
2529,41176957.59781619,33682812.55340005,19011582.553400047,18114341.646491498,0,0.0,0.0
2530,41940848.04367608,34694592.455027685,20023362.455027685,18923587.791889977,0,0.0,0.0
2531,41920597.634212926,35724233.53346175,21053003.53346175,19747119.740415815,0,0.0,0.0
2532,41194395.45040946,35017389.291582815,20346159.291582815,19181768.54375985,0,0.0,0.0
2533,40563257.688807994,33907804.56427992,19236574.56427992,18294295.722725965,0,0.0,0.0
2534,41134769.244767964,34130786.28967475,19459556.28967475,18472641.923791796,0,0.0,0.0
2535,41787282.43858052,34307319.21038792,19636089.210387923,18613837.242450774,0,0.0,0.0
2536,42596736.30573249,34445246.900063075,19774016.900063075,18724155.15945405,0,0.0,0.0
2537,42034787.44313012,36255391.68273735,21584161.68273735,20171952.93210781,0,0.0,0.0
2538,40940702.820746124,31609188.092119664,16937958.092119664,16455806.425940437,0,0.0,0.0
2539,40335440.582347594,34687513.70571342,20016283.70571342,19347707.16322722,0,0.0,0.0
2540,37399693.72156505,27919111.9633324,13247881.9633324,13478121.60492562,0,0.0,0.0
2541,32230214.194722474,22193888.351911236,7522658.351911236,8781488.944219986,0,0.0,0.0
2542,27497243.494085528,17367103.313260764,2695873.313260764,4821881.809660601,0,0.0,0.0
2543,26370533.21201092,16292349.355883062,1621119.355883062,3940217.63703805,0,0.0,0.0
2544,26959482.620564144,16379981.966798458,1708751.9667984582,3553590.059790745,0,0.0,0.0
2545,26802541.947224744,15634103.301179651,962873.3011796512,3013938.1801302424,0,0.0,0.0
2546,26204029.845313918,14132350.960166596,0.0,2317288.160752867,0,0.0,0.0
2547,25843460.05459508,13247580.611149548,0.0,1627319.3558474137,0,0.0,0.0
2548,27007858.598726116,19594424.47988526,4923194.4798852615,4923194.4798852615,0,0.0,0.0
2549,30449303.184713382,18037656.27563866,3366426.2756386586,3366426.2756386586,0,0.0,0.0
2550,36368610.37306642,23597302.44621145,8926072.44621145,8755899.585446816,0,0.0,0.0
2551,38190584.71337579,24794940.203155052,10123710.203155052,9580047.12455917,0,0.0,0.0
2552,38886973.79435851,25404447.510386508,10733217.510386508,9999476.074935408,0,0.0,0.0
2553,38621468.425841674,25321404.373449728,10650174.373449728,9942330.417536236,0,0.0,0.0
2554,38638343.767060965,25434675.463027,10763445.463027,10020277.266812194,0,0.0,0.0
2555,39792054.59508645,26469206.006589197,11797976.006589197,10732183.514481958,0,0.0,0.0
2556,39271169.062784344,25476408.69473111,10805178.694731109,10048995.750350922,0,0.0,0.0
2557,39052914.64968152,25026271.3661418,10355041.3661418,9739236.334810926,0,0.0,0.0
2558,39638488.9899909,25739021.330286093,11067791.330286093,10229711.126162717,0,0.0,0.0
2559,41056580.163785264,27393883.833057933,12722653.833057933,11368495.246253679,0,0.0,0.0
2560,41857596.36032756,28342696.59625408,13671466.59625408,12021415.296020713,0,0.0,0.0
2561,41154457.14285715,27631521.529452123,12960291.529452123,11532024.261223456,0,0.0,0.0
2562,40429942.493175626,27176218.900813315,12504988.900813315,11218710.374141542,0,0.0,0.0
2563,39890494.0855323,27132845.883884206,12461615.883884206,11188863.481824761,0,0.0,0.0
2564,37239377.9799818,25003581.984052412,10332351.984052412,9723622.766931543,0,0.0,0.0
2565,32399530.118289348,21207838.533564217,6536608.533564217,7046600.372433147,0,0.0,0.0
2566,28626203.82165605,22494303.603174273,7823073.603174273,7977372.795527832,0,0.0,0.0
2567,27065234.758871708,16862721.76923148,2191491.7692314796,3902857.914977071,0,0.0,0.0
2568,27481493.175614197,18331701.65128879,3660471.6512887888,5282753.036803804,0,0.0,0.0
2569,27392053.867151957,18493114.693210404,3821884.6932104044,5415442.95601599,0,0.0,0.0
2570,26885231.119199276,17859051.353180315,3187821.3531803153,4894209.898498522,0,0.0,0.0
2571,26746853.321201093,17669201.332929987,2997971.3329299875,4738143.303448036,0,0.0,0.0
2572,27950627.66151046,22680887.078607038,8009657.078607038,8858009.757818349,0,0.0,0.0
2573,31923645.495905366,23338380.50152618,8667150.50152618,9398503.562600547,0,0.0,0.0
2574,37327129.75432211,28631924.545287367,13960694.545287367,13724929.22127049,0,0.0,0.0
2575,38274398.90809827,29670406.12847284,14999176.128472839,14556529.957558079,0,0.0,0.0
2576,39146291.53776159,30835769.853222877,16164539.853222877,15489736.04155263,0,0.0,0.0
2577,39066977.434030935,30494542.014509816,15823312.014509816,15216485.820739688,0,0.0,0.0
2578,39432047.315741576,30951776.063292813,16280546.063292813,15582632.103716945,0,0.0,0.0
2579,40243188.71701547,32489134.5647699,17817904.5647699,16813726.118735217,0,0.0,0.0
2580,40318002.72975432,33559102.16689989,18887872.16689989,17670540.394637723,0,0.0,0.0
2581,40215063.14831664,33918357.830906324,19247127.830906324,17958227.03207122,0,0.0,0.0
2582,40159374.522292994,33606258.18051532,18935028.18051532,17708302.23488403,0,0.0,0.0
2583,41671405.095541395,34740023.605625734,20068793.605625734,18616204.866538912,0,0.0,0.0
2584,42075850.77343037,33656355.16445062,18985125.164450623,17748419.160789054,0,0.0,0.0
2585,41479026.20564149,35809202.044869095,21137972.044869095,20604596.12891798,0,0.0,0.0
2586,40146999.27206552,30393755.640625652,15722525.640625652,15722525.640625652,0,0.0,0.0
2587,39425859.69062784,33035255.622852482,18364025.622852482,18364025.622852482,0,0.0,0.0
2588,37276503.73066423,26153250.968382433,11482020.968382433,11712473.551601138,0,0.0,0.0
2589,32852351.774340305,20830833.50234282,6159603.50234282,7337169.454889682,0,0.0,0.0
2590,29147089.353958145,16542659.075905923,1871429.0759059228,3812066.9511652915,0,0.0,0.0
2591,27514681.346678797,15175476.786989914,504246.78698991425,2688171.9715223983,0,0.0,0.0
2592,27200800.0,15774040.666616824,1102810.6666168235,3790182.9644035534,0,0.0,0.0
2593,26598912.829845306,16197865.785752496,1526635.7857524958,4150542.961695472,0,0.0,0.0
2594,25774271.155595995,16488182.964165628,1816952.964165628,4397386.985098585,0,0.0,0.0
2595,26231592.902638756,21880977.086224683,7209747.086224683,7560139.496004556,0,0.0,0.0
2596,28303322.292993627,24138263.802723687,9467033.802723687,9467033.802723687,0,0.0,0.0
2597,31968646.405823477,29469431.995967932,14798201.995967932,14798201.995967932,0,0.0,0.0
2598,37581947.40673339,34066346.40969025,19395116.409690253,19331844.584558994,0,0.0,0.0
2599,39299857.142857134,34242827.25340508,19571597.25340508,19476105.289854433,0,0.0,0.0
2600,39843243.13011829,35430023.158898205,20758793.158898205,20446554.631807,0,0.0,0.0
2601,40906952.13830755,38287700.14832123,23616470.148321234,22782505.034825474,0,0.0,0.0
2602,41709655.86897179,38449671.90078719,23778441.90078719,22914905.576192047,0,0.0,0.0
2603,42763239.67242949,39752549.403638735,25081319.403638735,23979916.50609575,0,0.0,0.0
2604,42946055.86897178,40036252.502050534,25365022.502050534,24211823.88034604,0,0.0,0.0
2605,42952806.005459495,40064476.10789615,25393246.10789615,24234894.697549578,0,0.0,0.0
2606,43003432.02911738,40233709.659085825,25562479.659085825,24373231.24978027,0,0.0,0.0
2607,44163892.99363057,41256424.484518684,26585194.484518684,25209228.85114852,0,0.0,0.0
2608,44532337.943585075,42323295.00920729,27652065.009207293,26081320.638057586,0,0.0,0.0
2609,43808948.31665149,40618755.36350316,25947525.363503158,24687979.092781167,0,0.0,0.0
2610,42119164.14922657,39079501.57128743,24408271.57128743,23429747.133892067,0,0.0,0.0
2611,41260771.79253867,40261186.3328908,25589956.3328908,24395691.5024561,0,0.0,0.0
2612,39294232.02911738,37142780.11967187,22471550.119671866,21846613.25550739,0,0.0,0.0
2613,35171023.65787079,33278865.426941674,18607635.426941674,18673771.30879062,0,0.0,0.0
2614,30646182.16560509,28978741.561242033,14307511.561242033,15017563.701845113,0,0.0,0.0
2615,28861896.087352138,27231906.466579482,12560676.466579482,13532306.07656379,0,0.0,0.0
2616,28306697.361237485,26744349.908957083,12073119.908957083,13780918.489837706,0,0.0,0.0
2617,27700872.611464966,25970261.526696112,11299031.526696112,13200587.790049758,0,0.0,0.0
2618,27150736.4877161,25781691.786254264,11110461.786254264,13059217.87424013,0,0.0,0.0
2619,27180549.590536855,25257957.796430223,10586727.796430223,12666576.77564933,0,0.0,0.0
2620,28345510.646041848,27157488.190938447,12486258.190938447,14090646.466365581,0,0.0,0.0
2621,31754329.572338488,30918870.90269959,16247640.90269959,16910538.75684399,0,0.0,0.0
2622,37379443.3121019,34696572.08201562,20025342.08201562,19708756.451496907,0,0.0,0.0
2623,39472548.13466788,36863033.59711884,22191803.59711884,21267861.91355215,0,0.0,0.0
2624,39849430.755232014,38856466.46228697,24185236.46228697,22702446.394585922,0,0.0,0.0
2625,40154311.919927195,37223092.78509014,22551862.78509014,21526980.408256847,0,0.0,0.0
2626,40225188.35304821,38094105.14088729,23422875.14088729,22153809.04655657,0,0.0,0.0
2627,40460880.61874431,36969670.30179363,22298440.301793627,21344603.580807712,0,0.0,0.0
2628,40453567.970882624,36644268.114848234,21973038.114848234,21110426.17978099,0,0.0,0.0
2629,40298877.34303913,36482241.258374825,21811011.258374825,20993822.697482213,0,0.0,0.0
2630,38963475.34121928,35106345.0088004,20435115.008800402,20003651.7006849,0,0.0,0.0
2631,40972203.45768881,37112575.590544425,22441345.590544425,21447446.125987794,0,0.0,0.0
2632,41579715.74158325,38868135.778954044,24196905.778954044,22710844.27990596,0,0.0,0.0
2633,40953640.582347594,36982748.52747559,22311518.527475588,21358081.486699574,0,0.0,0.0
2634,39631738.85350318,35773578.77721373,21102348.77721373,20965049.48615904,0,0.0,0.0
2635,38876286.07825295,36666385.007315814,21995155.007315814,21995155.007315814,0,0.0,0.0
2636,37043624.02183803,35169158.83221545,20497928.83221545,20497928.83221545,0,0.0,0.0
2637,33643242.76615104,31164823.377580207,16493593.377580207,17094928.25955833,0,0.0,0.0
2638,29751226.56960873,27700498.56884296,13029268.568842959,14497738.98941963,0,0.0,0.0
2639,28307259.872611467,26377446.26217617,11706216.262176171,13505852.418610541,0,0.0,0.0
2640,28033879.344858963,26530661.166152023,11859431.166152023,12548060.094309844,0,0.0,0.0
2641,27122610.91901728,25928880.481974848,11257650.481974848,12132544.80691193,0,0.0,0.0
2642,26418909.19017288,25440308.805091195,10769078.805091195,11795197.653584193,0,0.0,0.0
2643,26194467.15195632,25303911.1384667,10632681.1384667,11701018.300311377,0,0.0,0.0
2644,26429034.394904453,25861123.85866217,11189893.85866217,12085760.465790424,0,0.0,0.0
2645,27367865.87807097,26717382.693124853,12046152.693124853,12676986.879405282,0,0.0,0.0
2646,29576285.532302085,28052025.727496423,13380795.727496423,13598526.235157093,0,0.0,0.0
2647,32886102.456778888,31268229.536827542,16596999.536827542,15785689.43818123,0,0.0,0.0
2648,34592199.45404914,32959538.331676513,18288308.331676513,16930852.06662369,0,0.0,0.0
2649,35837037.124658786,34122221.91907371,19450991.91907371,17718089.617238797,0,0.0,0.0
2650,36155981.07370337,34145357.23578835,19474127.235788353,17733754.231636524,0,0.0,0.0
2651,35919163.785259336,33307991.616937444,18636761.616937444,17166785.138842154,0,0.0,0.0
2652,34919018.56232938,31563398.932355125,16892168.932355125,15985544.69929475,0,0.0,0.0
2653,34162440.764331214,31681153.4343226,17009923.4343226,16090579.117493639,0,0.0,0.0
2654,34655763.23930846,30560671.76096738,15889441.760967381,15580509.671992145,0,0.0,0.0
2655,35232899.90900819,30809612.436784305,16138382.436784305,16113449.19993894,0,0.0,0.0
2656,36179044.0400364,31557134.52667334,16885904.52667334,16885904.52667334,0,0.0,0.0
2657,36114355.23202911,31165254.222675737,16494024.222675737,16494024.222675737,0,0.0,0.0
2658,34998895.17743403,29761639.2278913,15090409.2278913,15090409.2278913,0,0.0,0.0
2659,34344131.938125566,31089378.55121942,16418148.551219419,16418148.551219419,0,0.0,0.0
2660,33241609.64513193,27328806.529516585,12657576.529516585,13099160.534659132,0,0.0,0.0
2661,30323300.636942673,23715976.01755044,9044746.017550439,10604586.767220668,0,0.0,0.0
2662,26877918.471337583,19653495.43308501,4982265.433085009,7799540.291010403,0,0.0,0.0
2663,24920941.401273884,17274671.40720053,2603441.40720053,6157018.729960378,0,0.0,0.0
2664,24686374.158325747,17310530.209865462,2639300.209865462,4441126.208002266,0,0.0,0.0
2665,24775813.466787983,17468709.242479667,2797479.242479667,4551062.28536913,0,0.0,0.0
2666,23635602.911737937,17648256.684367143,2977026.6843671426,4668084.470014656,0,0.0,0.0
2667,23157468.243858054,19930731.813424457,5259501.813424457,5415445.551252616,0,0.0,0.0
2668,23444349.044585984,21095772.4509721,6424542.450972099,6424542.450972099,0,0.0,0.0
2669,24172238.76251137,21776633.249741063,7105403.2497410625,7105403.2497410625,0,0.0,0.0
2670,25314699.363057327,21182744.818438765,6511514.818438765,6511514.818438765,0,0.0,0.0
2671,27996191.082802545,22756824.30309525,8085594.303095251,8085594.303095251,0,0.0,0.0
2672,30436927.93448589,23896365.79157851,9225135.791578509,8992923.579659747,0,0.0,0.0
2673,32581221.292083718,26358257.67350323,11687027.673503231,10612643.535261476,0,0.0,0.0
2674,33490802.183803458,26050842.852985114,11379612.852985114,10410390.169426572,0,0.0,0.0
2675,34506135.213830754,26456729.859252784,11785499.859252784,10677430.037666934,0,0.0,0.0
2676,34539323.384895355,26421823.77221507,11750593.772215068,10654464.737621838,0,0.0,0.0
2677,34013937.76160145,26244022.21153888,11572792.211538881,10537486.109080609,0,0.0,0.0
2678,33512177.616014555,26353731.44528709,11682501.44528709,10609665.653812211,0,0.0,0.0
2679,34386320.2911738,27316354.601018243,12645124.601018243,11242991.571375696,0,0.0,0.0
2680,35438779.07188353,27640724.72302636,12969494.723026361,11456400.114405124,0,0.0,0.0
2681,35573781.80163785,27154712.296708066,12483482.296708066,11136644.388592038,0,0.0,0.0
2682,35214337.033666976,29676220.740403093,15004990.740403093,12795587.079965673,0,0.0,0.0
2683,34649575.61419471,24981186.08967885,10309956.08967885,9706645.046461629,0,0.0,0.0
2684,33197171.246587805,23544215.392787684,8872985.392787684,8761237.92665346,0,0.0,0.0
2685,29502034.030937217,20346638.085049886,5675408.085049886,6551252.845800723,0,0.0,0.0
2686,25465452.411282983,17031404.893018425,2360174.8930184245,4247131.2017058935,0,0.0,0.0
2687,24168863.69426752,15454912.006140498,783682.0061404984,3151452.203574502,0,0.0,0.0
2688,24322991.810737032,15152367.67498805,481137.67498805,2405145.54551055,0,0.0,0.0
2689,24192489.171974514,14625325.879790027,0.0,2022250.4386542924,0,0.0,0.0
2690,23883107.916287538,13940113.10599951,0.0,2022250.4386542924,0,0.0,0.0
2691,23971422.202001818,13852698.666613758,0.0,2022250.4386542924,0,0.0,0.0
2692,25223572.52047316,23357323.93758568,8686093.937585682,8934747.711868154,0,0.0,0.0
2693,28767956.68789809,22816890.264734793,8145660.264734793,8484975.56160711,0,0.0,0.0
2694,34449884.07643312,24045218.94432576,9373988.94432576,9425071.285479533,0,0.0,0.0
2695,37256815.83257507,26536953.172889866,11865723.172889866,11408097.37668499,0,0.0,0.0
2696,37896953.77616015,26888146.416945033,12216916.416945033,11677382.30304434,0,0.0,0.0
2697,38751408.55323022,32581828.332645103,17910598.332645103,16043134.609891089,0,0.0,0.0
2698,38498840.94631483,28342924.291793697,13671694.291793697,12792864.33332022,0,0.0,0.0
2699,39116478.434940845,28656055.60261947,13984825.60261947,13032964.45883196,0,0.0,0.0
2700,38750846.04185624,28187956.438794002,13516726.438794002,12674039.419716423,0,0.0,0.0
2701,38384088.62602366,28001482.6609943,13330252.660994299,12531056.664857809,0,0.0,0.0
2702,39214355.41401274,29309193.270732723,14637963.270732723,13533771.72616301,0,0.0,0.0
2703,40126186.351228386,29618741.79491263,14947511.794912629,13771124.673434788,0,0.0,0.0
2704,40851826.023657866,29512755.149068035,14841525.149068035,13689857.147352047,0,0.0,0.0
2705,39756053.86715195,28478871.995161537,13807641.995161537,12897105.140653,0,0.0,0.0
2706,38380151.04640582,31845945.19386761,17174715.19386761,15478880.484308729,0,0.0,0.0
2707,37605572.88444039,30571257.32531778,15900027.325317781,14515461.441817148,0,0.0,0.0
2708,35522593.266606,22798004.056309048,8126774.056309048,8489634.271700393,0,0.0,0.0
2709,30940938.125568703,17787473.7853068,3116243.7853068,4502194.453004921,0,0.0,0.0
2710,26380658.416742492,13437064.241860796,0.0,2022250.4386542924,0,0.0,0.0
2711,25189259.326660607,18293935.582185254,3622705.5821852535,4905242.798448259,0,0.0,0.0
2712,25387825.841674246,14029218.10536024,0.0,2167670.5104559273,0,0.0,0.0
2713,25450827.11555959,13999751.122824386,0.0,2167670.5104559273,0,0.0,0.0
2714,25112757.77979982,13535448.22552905,0.0,2167670.5104559273,0,0.0,0.0
2715,25291073.885350317,14001017.008913638,0.0,2167065.255747608,0,0.0,0.0
2716,26830105.004549593,24863577.70235885,10192347.70235885,10243359.877236642,0,0.0,0.0
2717,30871186.715195626,24346773.296545044,9675543.296545044,9675543.296545044,0,0.0,0.0
2718,36553676.61510463,25964211.468559753,11292981.468559753,11292981.468559753,0,0.0,0.0
2719,39465235.48680619,29247252.057820227,14576022.057820227,14572869.25045371,0,0.0,0.0
2720,40378191.44676978,30738910.287805185,16067680.287805185,15804720.662023231,0,0.0,0.0
2721,40614446.22383986,31388464.761411168,16717234.761411168,16341137.888227329,0,0.0,0.0
2722,41673655.14103729,33714706.52601059,19043476.526010588,18262202.564942155,0,0.0,0.0
2723,42551172.88444039,35038113.85632378,20366883.85632378,19355103.188540027,0,0.0,0.0
2724,42672112.8298453,35487771.737149246,20816541.737149246,19726441.148594644,0,0.0,0.0
2725,42640612.19290265,36551554.53893656,21880324.538936563,20604937.78437413,0,0.0,0.0
2726,42585486.078252956,38989588.34089969,24318358.34089969,22618322.931551486,0,0.0,0.0
2727,43384814.74067335,37804006.32429302,23132776.324293017,21639241.664887186,0,0.0,0.0
2728,43863511.919927195,37878801.35999873,23207571.359998733,21701009.148935694,0,0.0,0.0
2729,43436003.27570518,37204742.09118346,22533512.09118346,21144355.291611362,0,0.0,0.0
2730,42010036.94267516,35929746.421818435,21258516.421818435,20091434.14615884,0,0.0,0.0
2731,40806825.11373975,36761738.7360257,22090508.7360257,20778512.793978155,0,0.0,0.0
2732,38353150.50045496,31542311.918280717,16871081.918280717,16468188.456733475,0,0.0,0.0
2733,33291110.646041848,26041098.663596705,11369868.663596705,11844619.937040778,0,0.0,0.0
2734,28911397.088262055,21653129.735249113,6981899.735249113,8109998.662038903,0,0.0,0.0
2735,27151861.510464057,19254645.382785946,4583415.382785946,6068637.194641002,0,0.0,0.0
2736,27111360.69153776,18286906.256559733,3615676.2565597333,5655719.016349538,0,0.0,0.0
2737,27029234.030937217,18640638.87154167,3969408.8715416715,5926202.621511743,0,0.0,0.0
2738,26390783.621474065,17724376.863599412,3053146.863599412,5225577.797323456,0,0.0,0.0
2739,26524098.81710646,18013524.99912546,3342294.9991254583,5446676.5222092215,0,0.0,0.0
2740,27779624.203821655,26323706.5254433,11652476.5254433,11801102.898486644,0,0.0,0.0
2741,31444385.805277515,26594104.289582282,11922874.289582282,12007864.04793804,0,0.0,0.0
2742,36834932.302092806,29409874.808926474,14738644.808926474,14075177.703198917,0,0.0,0.0
2743,37910454.04913558,32851245.080269627,18180015.080269627,16586368.337840362,0,0.0,0.0
2744,38180459.50864421,29602666.80310534,14931436.80310534,14215859.295716668,0,0.0,0.0
2745,39416859.508644216,30978584.476171613,16307354.476171613,15219875.516642863,0,0.0,0.0
2746,39867993.63057325,30517455.287507307,15846225.287507307,14883386.499585805,0,0.0,0.0
2747,40101998.362147406,33924923.028015114,19253693.028015114,17369838.233379163,0,0.0,0.0
2748,39792054.59508645,30093458.99282893,15422228.992828932,14573993.600720715,0,0.0,0.0
2749,39403921.74704276,30144945.024980485,15473715.024980485,14611563.298707139,0,0.0,0.0
2750,38744095.90536851,28168858.787757162,13497628.787757162,13169600.109369112,0,0.0,0.0
2751,41337835.850773424,30422335.250564106,15751105.250564106,14813976.779879795,0,0.0,0.0
2752,41089205.8234759,29712445.15244807,15041215.15244807,14295965.28287285,0,0.0,0.0
2753,40744386.3512284,29129392.332435183,14458162.332435183,13870507.78609898,0,0.0,0.0
2754,39610363.42129208,29039956.271992594,14368726.271992594,13986114.310209058,0,0.0,0.0
2755,38763221.29208371,32888076.207101837,18216846.207101837,18216758.17677185,0,0.0,0.0
2756,36918746.49681529,27239748.013864987,12568518.013864987,12568518.013864987,0,0.0,0.0
2757,32510344.858962685,23085631.118186753,8414401.118186753,9325090.58623054,0,0.0,0.0
2758,27901126.66060055,18948977.8543624,4277747.854362398,6161975.73417668,0,0.0,0.0
2759,26135403.4576888,16449334.631320553,1778104.631320553,4250609.685495648,0,0.0,0.0
2760,26066777.070063695,14780401.674632326,109171.67463232577,2800392.2961166333,0,0.0,0.0
2761,26233842.948134672,14547268.209273797,0.0,2718119.652622829,0,0.0,0.0
2762,25975087.716105543,13972671.48314126,0.0,2718119.652622829,0,0.0,0.0
2763,25967212.55686988,14025825.285355017,0.0,379805.1712368303,0,0.0,0.0
2764,27068047.315741576,25121361.733447164,10450131.733447164,10450131.733447164,0,0.0,0.0
2765,30398677.161055505,23222435.027544666,8551205.027544666,8551205.027544666,0,0.0,0.0
2766,35801036.39672429,23678057.075281,9006827.075281002,9006827.075281002,0,0.0,0.0
2767,37070062.05641492,24651477.599987395,9980247.599987395,9980247.599987395,0,0.0,0.0
2768,37796826.75159236,24733108.33542882,10061878.335428819,10061878.335428819,0,0.0,0.0
2769,38142771.2465878,25083236.360902473,10412006.360902473,10412006.360902473,0,0.0,0.0
2770,39333045.31392176,26661513.37702447,11990283.377024472,11705603.214952152,0,0.0,0.0
2771,40004121.38307552,26976448.436600134,12305218.436600134,11927158.151352732,0,0.0,0.0
2772,39653114.28571428,26908073.16957849,12236843.169578489,11879056.558736261,0,0.0,0.0
2773,39340357.96178344,26803777.13638816,12132547.13638816,11805684.921321707,0,0.0,0.0
2774,39506861.32848044,27285601.06585334,12614371.065853339,12144645.182503056,0,0.0,0.0
2775,40735948.68061874,28451820.62452606,13780590.624526061,12965073.687665286,0,0.0,0.0
2776,41959973.430391274,29942806.288420092,15271576.288420092,14013973.211215619,0,0.0,0.0
2777,41745656.59690628,31139914.950377673,16468684.950377673,14856132.016341811,0,0.0,0.0
2778,41248396.542311184,31893184.250954956,17221954.250954956,15386052.477425968,0,0.0,0.0
2779,40524444.40400364,38423628.30337964,23752398.30337964,19980180.926166818,0,0.0,0.0
2780,39238543.4030937,31685018.71289032,17013788.71289032,15239609.262723733,0,0.0,0.0
2781,35417966.15104642,28701676.839083295,14030446.839083295,13140846.044671528,0,0.0,0.0
2782,30828998.36214741,25055301.269355144,10384071.269355144,10543638.464486383,0,0.0,0.0
2783,29068900.27297543,24793667.46827454,10122437.468274541,10346469.148226209,0,0.0,0.0
2784,28960335.577798,26818442.530605983,12147212.530605983,13935160.139796179,0,0.0,0.0
2785,28850083.348498624,26043955.168931007,11372725.168931007,13307215.473222142,0,0.0,0.0
2786,28484450.955414005,26059096.778712004,11387866.778712004,13319492.101061182,0,0.0,0.0
2787,28599765.787079163,26341758.83507096,11670528.83507096,13548670.961190786,0,0.0,0.0
2788,29734351.228389442,29081877.383749194,14410647.383749194,15770324.81065048,0,0.0,0.0
2789,33451988.898999084,31640842.012847554,16969612.012847554,17845101.32775041,0,0.0,0.0
2790,39908494.449499555,38202866.110295,23531636.110294998,23117125.55323511,0,0.0,0.0
2791,43029870.06369427,41399537.82668527,26728307.826685272,25628944.955791004,0,0.0,0.0
2792,44022140.12738853,42685748.640248716,28014518.640248716,26639599.024746835,0,0.0,0.0
2793,44502524.84076432,43128012.816459715,28456782.816459715,26987112.888358895,0,0.0,0.0
2794,44689278.616924465,43082088.46564833,28410858.46564833,26951027.33261468,0,0.0,0.0
2795,44836656.59690627,43054932.39234577,28383702.39234577,26929689.154074524,0,0.0,0.0
2796,44914283.16651501,42298785.87253867,27627555.87253867,26335538.84145771,0,0.0,0.0
2797,44030577.797998175,40890865.53502423,26219635.535024233,25229250.196649615,0,0.0,0.0
2798,42997806.91537762,39110063.39156574,24438833.39156574,23881221.798668377,0,0.0,0.0
2799,44240394.54049136,39866149.374020904,25194919.374020904,25156269.700398184,0,0.0,0.0
2800,44209456.41492266,39809861.404316425,25138631.404316425,25138631.404316425,0,0.0,0.0
2801,43401127.57051865,39432599.21101419,24761369.21101419,24761369.21101419,0,0.0,0.0
2802,42046600.18198362,38388555.80930884,23717325.80930884,23717325.80930884,0,0.0,0.0
2803,40908077.1610555,38805268.23353384,24134038.233533837,24134038.233533837,0,0.0,0.0
2804,39105790.71883531,36075676.78171855,21404446.781718552,21440809.89325486,0,0.0,0.0
2805,35102959.78161965,32336045.155249584,17664815.155249584,18408763.34092096,0,0.0,0.0
2806,30919562.693357587,29055318.511510555,14384088.511510555,15748791.20920293,0,0.0,0.0
2807,29366468.789808914,26425478.061942827,11754248.061942827,13616549.463288223,0,0.0,0.0
2808,29056525.022747952,25797538.336155873,11126308.336155873,12578750.206673061,0,0.0,0.0
2809,28811832.575068243,25050911.659717295,10379681.659717295,12025991.389255121,0,0.0,0.0
2810,28019254.049135573,24191158.871669423,9519928.871669423,11389480.60094524,0,0.0,0.0
2811,27720560.50955414,24183931.045725185,9512701.045725185,11384129.540438669,0,0.0,0.0
2812,27963565.423111923,27226441.08466682,12555211.084666818,13636626.40959643,0,0.0,0.0
2813,28582327.93448589,26544711.347375806,11873481.347375806,13131913.498478502,0,0.0,0.0
2814,31817893.357597813,28540900.264399942,13869670.264399942,14457463.0680778,0,0.0,0.0
2815,35801598.90809827,32348606.892036956,17677376.892036956,17403969.194478143,0,0.0,0.0
2816,38295211.82893539,34868588.37993191,20197358.37993191,19204469.333440073,0,0.0,0.0
2817,39496736.12374886,35485510.19670144,20814280.196701437,19645253.4511639,0,0.0,0.0
2818,39628363.78525933,35441066.59417796,20769836.59417796,19613498.966893326,0,0.0,0.0
2819,39761678.98089171,35702100.54508893,21030870.545088932,19800004.96590428,0,0.0,0.0
2820,38962912.82984532,35099500.31387638,20428270.313876383,19369453.469693493,0,0.0,0.0
2821,38112395.63239307,34391857.49489966,19720627.49489966,18863850.15473926,0,0.0,0.0
2822,37890203.63967242,34164455.46808457,19493225.468084566,18701373.81003293,0,0.0,0.0
2823,38515153.776160136,34785598.33271466,20114368.332714662,19145173.82184012,0,0.0,0.0
2824,39810054.95905367,35979833.42889959,21308603.428899594,19998442.175978042,0,0.0,0.0
2825,39817930.118289344,35656667.50396936,20985437.503969356,19767543.538214356,0,0.0,0.0
2826,38848160.50955413,34687866.77398345,20016636.77398345,19075345.656069133,0,0.0,0.0
2827,37754075.88717016,36749888.95164367,22078658.951643668,20548638.708122917,0,0.0,0.0
2828,36788806.36942674,32358225.35558623,17686995.35558623,17410841.485024832,0,0.0,0.0
2829,33695556.323930845,29075814.620394554,14404584.620394554,15005794.644314574,0,0.0,0.0
2830,30130359.235668786,25864398.88819202,11193168.88819202,12628249.857357515,0,0.0,0.0
2831,28752768.880800728,24479344.414413318,9808114.414413318,11602836.358020399,0,0.0,0.0
2832,28693142.67515923,24393927.889789328,9722697.889789328,10618324.683141958,0,0.0,0.0
2833,28330885.350318465,24142312.539196372,9471082.539196372,10433781.033999119,0,0.0,0.0
2834,27584432.757051855,23182888.944388565,8511658.944388565,9730105.638828184,0,0.0,0.0
2835,26895918.835304815,22051000.478382386,7379770.478382386,8899938.371818367,0,0.0,0.0
2836,26625913.375796173,21780971.346937936,7109741.346937936,8701889.400743293,0,0.0,0.0
2837,26749103.36669699,21913625.401145987,7242395.401145987,8799182.603162996,0,0.0,0.0
2838,28740393.630573247,23762625.18825633,9091395.18825633,10155304.823741168,0,0.0,0.0
2839,31490511.737943586,25698557.475065883,11027327.475065883,11575186.432153968,0,0.0,0.0
2840,34344131.938125566,28510442.839059126,13839212.839059126,13625645.429706888,0,0.0,0.0
2841,36738180.345768884,31035579.913651753,16364349.913651753,15438052.951199204,0,0.0,0.0
2842,38028581.4376706,34177503.7686311,19506273.7686311,17693156.836060353,0,0.0,0.0
2843,38690657.324840754,32270002.437858894,17598772.437858894,16324055.018209178,0,0.0,0.0
2844,38703595.08644223,32065407.63501525,17394177.63501525,16177207.877409147,0,0.0,0.0
2845,38147833.84895359,31505705.146209966,16834475.146209966,15775483.546989456,0,0.0,0.0
2846,38473527.93448589,31672262.964506038,17001032.964506038,15895029.786946295,0,0.0,0.0
2847,38790784.34940856,32065218.40874812,17393988.40874812,16177072.060976349,0,0.0,0.0
2848,39745366.1510464,32476878.350695577,17805648.350695577,16472539.417021966,0,0.0,0.0
2849,39618238.58052776,31907267.490334578,17236037.490334578,16063703.390641691,0,0.0,0.0
2850,38947162.511373974,30642064.501607113,15970834.501607113,15155608.762410792,0,0.0,0.0
2851,37954329.936305724,32890119.719459906,18218889.719459906,17177481.437087268,0,0.0,0.0
2852,36452987.07916288,28066066.194850016,13394836.194850016,13394836.194850016,0,0.0,0.0
2853,32676285.71428571,24264079.62268382,9592849.62268382,10523089.344796922,0,0.0,0.0
2854,28238633.484986354,20017680.3675073,5346450.367507301,7408629.068740762,0,0.0,0.0
2855,27233425.659690626,22409422.42807287,7738192.42807287,9162817.780299995,0,0.0,0.0
2856,27415679.34485896,19299053.248493664,4627823.248493664,6863123.070749575,0,0.0,0.0
2857,27602433.121019106,19224172.517714813,4552942.517714813,6802202.834852964,0,0.0,0.0
2858,27101797.998180155,22107090.65548076,7435860.655480761,9147640.054770421,0,0.0,0.0
2859,27386428.75341219,18818074.760226272,4146844.760226272,6471816.486776929,0,0.0,0.0
2860,28606515.92356688,27078379.932047144,12407149.932047144,13192099.988437088,0,0.0,0.0
2861,32399530.118289348,30847364.7050476,16176134.7050476,16227517.107849536,0,0.0,0.0
2862,39470298.08917195,30560882.23356322,15889652.233563218,15889652.233563218,0,0.0,0.0
2863,42181602.91173795,32864964.0072136,18193734.0072136,17849416.314704645,0,0.0,0.0
2864,42995556.869881704,33448841.253527887,18777611.253527887,18305783.70971617,0,0.0,0.0
2865,43505754.68607826,33940979.009396724,19269749.009396724,18690446.114443254,0,0.0,0.0
2866,44065453.50318471,38360716.0096247,23689486.009624697,22144980.220991373,0,0.0,0.0
2867,44720216.742493175,42767885.953787155,28096655.953787155,25589691.72411423,0,0.0,0.0
2868,44528962.87534122,38729919.79152733,24058689.79152733,22433555.549519617,0,0.0,0.0
2869,43895575.068243854,34155120.319241196,19483890.319241196,18857822.24076944,0,0.0,0.0
2870,43272874.97725204,33172943.77967882,18501713.77967882,18090138.02010322,0,0.0,0.0
2871,45056598.544131026,38887593.291285366,24216363.291285366,22556795.570947327,0,0.0,0.0
2872,45338416.742493175,34743393.61130406,20072163.61130406,19317625.652442504,0,0.0,0.0
2873,44876594.9044586,34571687.18222572,19900457.18222572,19183417.27861073,0,0.0,0.0
2874,43562568.33484987,33646993.632426605,18975763.632426605,18460662.642821018,0,0.0,0.0
2875,42139414.55868972,40253126.61320885,25581896.613208853,23624117.321985755,0,0.0,0.0
2876,40633009.09918107,31567472.47481613,16896242.47481613,16835277.0680949,0,0.0,0.0
2877,35957977.07006369,27496687.80188646,12825457.801886462,13532420.03930951,0,0.0,0.0
2878,30822248.225659687,22493159.492582366,7821929.492582366,9461731.602541542,0,0.0,0.0
2879,29496971.42857143,21173732.186149035,6502502.186149035,8388293.590915485,0,0.0,0.0
2880,29746726.47861692,21444562.79591782,6773332.79591782,9079490.080828078,0,0.0,0.0
2881,29699475.523202907,21313970.0475249,6642740.047524899,8981815.60513138,0,0.0,0.0
2882,29440157.77979982,24584092.923719577,9912862.923719577,11427644.65250748,0,0.0,0.0
2883,29745038.944494992,21742629.943705566,7071399.943705566,9302423.993628358,0,0.0,0.0
2884,30647869.69972702,29535001.486356977,14863771.486356977,15130586.845154537,0,0.0,0.0
2885,34020125.38671519,31010091.88182556,16338861.881825559,16216032.054783942,0,0.0,0.0
2886,39178917.19745223,32024526.11808044,17353296.11808044,16931579.172143534,0,0.0,0.0
2887,40805700.0909918,33531814.543506473,18860584.543506473,17994768.73071449,0,0.0,0.0
2888,40482818.56232938,33630391.88170662,18959161.881706618,18064301.804091927,0,0.0,0.0
2889,40669572.33848953,33697393.84534465,19026163.845344648,18111562.69122013,0,0.0,0.0
2890,41039704.822565965,36613411.49163351,21942181.491633512,20168421.52583015,0,0.0,0.0
2891,42361044.040036395,40566846.333742864,25895616.333742864,22957038.869211655,0,0.0,0.0
2892,41799095.17743403,33207007.990154684,18535777.990154684,17765661.3281406,0,0.0,0.0
2893,40820887.89808916,31564728.1559878,16893498.1559878,16607253.459756466,0,0.0,0.0
2894,40290439.67242947,30728437.256098647,16057207.256098647,16017362.541939097,0,0.0,0.0
2895,41675905.1865332,31664806.268157326,16993576.268157326,16677845.127618607,0,0.0,0.0
2896,42487609.09918106,31229580.13858819,16558350.13858819,16370851.543133037,0,0.0,0.0
2897,42280042.40218379,35172634.90888925,20501404.90888925,19152147.13987492,0,0.0,0.0
2898,41306897.72520472,33665572.15775581,18994342.157755807,18089116.764209837,0,0.0,0.0
2899,39993996.178343944,32321261.612206653,17650031.612206653,17140886.21231616,0,0.0,0.0
2900,37611760.50955415,35133160.92589175,20461930.92589175,19866746.812411983,0,0.0,0.0
2901,32944603.63967242,30571965.276445016,15900735.276445016,15900986.808019774,0,0.0,0.0
2902,28899021.83803457,21439485.370018747,6768255.370018747,9075692.512290131,0,0.0,0.0
2903,26822229.845313918,19474789.946874846,4803559.946874846,7606234.232861807,0,0.0,0.0
2904,26677664.422202,24418682.33605726,9747452.33605726,11255403.041873816,0,0.0,0.0
2905,26821667.333939943,24603966.46644918,9932736.466449179,11397544.388092514,0,0.0,0.0
2906,26205717.379435852,20950104.40045587,6278874.40045587,8594471.767360495,0,0.0,0.0
2907,26114590.53685169,23924508.935509782,9253278.935509782,10876296.249129547,0,0.0,0.0
2908,27430867.151956324,25248540.051625878,10577310.051625878,11892031.190282391,0,0.0,0.0
2909,31851644.040036388,29686352.8342572,15015122.8342572,15296514.250194157,0,0.0,0.0
2910,38316587.2611465,36143053.773470595,21471823.773470595,20120310.716774322,0,0.0,0.0
2911,40485068.607825294,28989413.97108152,14318183.971081521,14761855.248182606,0,0.0,0.0
2912,41435150.318471335,39076156.02517362,24404926.02517362,22298110.718040355,0,0.0,0.0
2913,41839033.48498635,39465956.36177702,24794726.361777022,22587533.690954268,0,0.0,0.0
2914,42204103.366697,34669916.17801813,19998686.17801813,19026520.326282915,0,0.0,0.0
2915,42977556.50591446,35700803.76967035,21029573.769670352,19791944.374183685,0,0.0,0.0
2916,42413920.10919016,40115730.34641638,25444500.346416377,23069984.57849105,0,0.0,0.0
2917,41741719.017288454,30342119.16666484,15670889.166664839,15799587.606213147,0,0.0,0.0
2918,41024517.0154686,29501262.456781875,14830032.456781875,15154521.542179609,0,0.0,0.0
2919,42624299.36305732,31496933.51700055,16825703.51700055,16670611.445448978,0,0.0,0.0
2920,43092308.82620565,32386267.032022662,17715037.032022662,17330932.963055976,0,0.0,0.0
2921,42722176.34212921,36364513.461338714,21693283.461338714,20284742.38915789,0,0.0,0.0
2922,41569590.53685169,32640318.176926546,17969088.176926546,17519563.476490054,0,0.0,0.0
2923,40022121.74704276,35119470.260754235,20448240.260754235,19360309.876709737,0,0.0,0.0
2924,38465652.775250226,31048682.739699733,16377452.739699733,16337789.586679332,0,0.0,0.0
2925,34962894.44949954,28098290.174651362,13427060.174651362,14078226.618983908,0,0.0,0.0
2926,31163692.629663326,24644405.722224522,9973175.722224522,11428567.499698628,0,0.0,0.0
2927,28321322.65696087,21172623.209315434,6501393.209315434,8765177.822883856,0,0.0,0.0
2928,28408511.919927206,21678402.179276973,7007172.179276973,9329249.019315226,0,0.0,0.0
2929,28315135.03184713,26942127.011557724,12270897.011557724,13468991.398128945,0,0.0,0.0
2930,27974253.13921747,21499275.479081072,6828045.479081072,9188371.899859738,0,0.0,0.0
2931,28092943.039126486,24420500.263665974,9749270.263665974,11485816.850747725,0,0.0,0.0
2932,29368718.835304826,28128589.22464482,13457359.224644821,14402103.986814465,0,0.0,0.0
2933,33835621.65605095,32629376.03942747,17958146.03942747,17940958.454107694,0,0.0,0.0
2934,38897661.51046406,36137918.61217792,21466688.612177923,20566681.752374213,0,0.0,0.0
2935,40369753.77616015,36340612.898490846,21669382.898490846,20718495.62313144,0,0.0,0.0
2936,40553694.995450415,36318015.89979832,21646785.89979832,20701570.933731403,0,0.0,0.0
2937,41011579.25386714,38366161.95973124,23694931.959731244,22235590.40162391,0,0.0,0.0
2938,42112976.52411283,37918548.90352641,23247318.90352641,21900337.38635626,0,0.0,0.0
2939,43020869.88171064,40308481.264657564,25637251.264657564,23690347.796571605,0,0.0,0.0
2940,42113539.03548679,37276330.60305296,22605100.60305296,21419329.027218338,0,0.0,0.0
2941,41352461.14649682,36011803.150725186,21340573.150725186,20472223.853665024,0,0.0,0.0
2942,40834950.68243858,34901300.885918975,20230070.885918975,19640480.39226012,0,0.0,0.0
2943,42627111.91992721,36620734.67108862,21949504.67108862,20928301.095969446,0,0.0,0.0
2944,43162060.2365787,37010691.084831856,22339461.084831856,21220370.4664182,0,0.0,0.0
2945,42453858.416742496,35940089.61583044,21268859.615830436,20418511.884195648,0,0.0,0.0
2946,41076268.06187443,34046697.53375539,19375467.53375539,19000399.977493186,0,0.0,0.0
2947,40154311.919927195,33278503.01941743,18607273.01941743,18511065.140841514,0,0.0,0.0
2948,38568592.356687896,31610225.143400185,16938995.143400185,17140293.42864867,0,0.0,0.0
2949,34217566.87898088,27227616.946756978,12556386.946756978,13693519.621227007,0,0.0,0.0
2950,30363801.455868967,24001827.02120453,9330597.021204531,11156544.4400655,0,0.0,0.0
2951,28632391.446769796,22959496.266373817,8288266.266373817,10336786.391154734,0,0.0,0.0
2952,28507513.921747047,22640483.593800135,7969253.593800135,9949295.634992808,0,0.0,0.0
2953,28475450.773430392,23011172.13455048,8339942.134550478,10245466.268569646,0,0.0,0.0
2954,27780186.715195633,22203206.55777572,7531976.557775721,9599922.50210393,0,0.0,0.0
2955,27816749.954504095,22901060.438558184,8229830.438558184,10157489.848526426,0,0.0,0.0
2956,28722955.77797998,24337858.105310928,9666628.105310928,10347245.572442194,0,0.0,0.0
2957,32516532.48407643,28418862.02935371,13747632.029353712,13747632.029353712,0,0.0,0.0
2958,37876140.85532302,35321692.37564758,20650462.375647582,19997346.345158856,0,0.0,0.0
2959,39615426.02365787,35689171.01745076,21017941.017450757,20280076.64263526,0,0.0,0.0
2960,40114373.612374894,36296861.471811,21625631.471810997,20747620.829943024,0,0.0,0.0
2961,40915952.32029118,37375507.008973524,22704277.008973524,21577507.900650326,0,0.0,0.0
2962,41740031.48316651,38356718.784243226,23685488.784243226,22332431.494979713,0,0.0,0.0
2963,41913284.98635123,38776494.69461516,24105264.694615163,22655398.20518227,0,0.0,0.0
2964,41178645.13193814,37909758.23905805,23238528.239058048,21988549.501511108,0,0.0,0.0
2965,40633009.09918107,37250380.82697967,22579150.826979667,21481238.46174194,0,0.0,0.0
2966,39946745.22292994,36602700.955599554,21931470.955599554,20982927.262467276,0,0.0,0.0
2967,40477755.9599636,36966647.382026054,22295417.382026054,21262939.948113754,0,0.0,0.0
2968,40914827.29754321,37140237.452345975,22469007.452345975,21396496.478037998,0,0.0,0.0
2969,40404066.96997271,36593856.39982201,21922626.39982201,20976122.448250707,0,0.0,0.0
2970,39083290.26387625,35359423.84611897,20688193.84611897,20026376.140790675,0,0.0,0.0
2971,37570697.17925387,34087894.46602344,19416664.466023438,19048088.319434993,0,0.0,0.0
2972,36600365.05914467,33346880.0632169,18675650.0632169,18477967.50503404,0,0.0,0.0
2973,33576866.42402183,30390952.431789856,15719722.431789856,16141721.388479842,0,0.0,0.0
2974,29639849.31756141,26521411.369188312,11850181.369188312,13050057.357424337,0,0.0,0.0
2975,27686809.82711555,24501630.078524664,9830400.078524664,11436303.926224047,0,0.0,0.0
2976,27566432.39308463,24495252.574033834,9824022.574033834,10944030.09124829,0,0.0,0.0
2977,27239613.28480437,24234627.1398997,9563397.1398997,10787795.087288389,0,0.0,0.0
2978,26427909.372156505,23069383.032583848,8398153.032583848,10089275.70323224,0,0.0,0.0
2979,26070714.649681523,22558539.886618484,7887309.886618484,9783044.727740755,0,0.0,0.0
2980,26021213.648771614,22454785.43371181,7783555.433711808,9720847.89183106,0,0.0,0.0
2981,27043859.326660603,23359095.67397726,8687865.67397726,10262947.37816185,0,0.0,0.0
2982,28965398.18016378,25398350.78964516,10727120.789645161,11485403.01504205,0,0.0,0.0
2983,31761079.708826203,28083134.766384967,13411904.766384967,13073658.80871078,0,0.0,0.0
2984,32991854.595086437,29111356.041736454,14440126.041736454,13662609.901114829,0,0.0,0.0
2985,33748994.90445859,29865941.126787454,15194711.126787454,14094825.923877694,0,0.0,0.0
2986,34030813.10282074,30110532.103740774,15439302.103740774,14234924.292314578,0,0.0,0.0
2987,34627075.15923566,31993534.138028532,17322304.138028532,15313482.119970605,0,0.0,0.0
2988,34113502.27479527,29858767.932763074,15187537.932763074,14090717.21638646,0,0.0,0.0
2989,33426113.375796173,28813428.448959522,14142198.448959522,13491961.04815922,0,0.0,0.0
2990,33501489.899909012,28677427.38028687,14006197.380286869,13414061.494937567,0,0.0,0.0
2991,34493759.96360327,29524546.13985513,14853316.139855132,13899279.541678669,0,0.0,0.0
2992,36084542.12920838,31086231.002949096,16415001.002949096,14793791.285559515,0,0.0,0.0
2993,36022665.87807097,30960571.71474994,16289341.71474994,14721815.36283771,0,0.0,0.0
2994,34589386.89717925,29534140.583698314,14862910.583698314,13904775.107971556,0,0.0,0.0
2995,33192108.644222025,28278171.584621735,13606941.584621735,13185373.23235981,0,0.0,0.0
2996,33094794.17652411,28235385.960855182,13564155.960855182,13424975.43283815,0,0.0,0.0
2997,31250319.381255683,26922320.46307007,12251090.463070069,12398964.689302005,0,0.0,0.0
2998,27924189.62693357,24029334.128020875,9358104.128020875,10664729.759338388,0,0.0,0.0
2999,25579079.70882621,22002953.77018225,7331723.770182248,9449992.048558228,0,0.0,0.0
3000,25079007.097361233,21872509.06008872,7201279.06008872,9083306.636431959,0,0.0,0.0
3001,25195446.951774336,22338189.069662422,7666959.069662422,9390114.152554002,0,0.0,0.0
3002,24865815.2866242,22562500.404721636,7891270.404721636,9537898.902022917,0,0.0,0.0
3003,24583997.08826205,22811102.135631412,8139872.135631412,9701687.078444514,0,0.0,0.0
3004,24328054.413102817,22790044.527567662,8118814.527567662,9687813.5337514,0,0.0,0.0
3005,24847814.922656957,23410400.388003625,8739170.388003625,10096527.321629778,0,0.0,0.0
3006,25806896.815286618,24244533.76969728,9573303.769697279,10035241.094612714,0,0.0,0.0
3007,28190820.018198356,26435551.401801717,11764321.401801717,11764321.401801717,0,0.0,0.0
3008,30203485.714285713,28331501.092086427,13660271.092086427,13298661.674024032,0,0.0,0.0
3009,31870769.426751588,30009868.047836483,15338638.047836483,14333534.015661001,0,0.0,0.0
3010,32788787.989080988,30876869.475336052,16205639.475336052,14868122.58963474,0,0.0,0.0
3011,33713556.687898085,31595684.99170049,16924454.99170049,15311340.500995856,0,0.0,0.0
3012,33671368.33484987,31207932.317207776,16536702.317207776,15072254.217240376,0,0.0,0.0
3013,32929415.832575068,30148187.647949576,15476957.647949576,14418821.162177391,0,0.0,0.0
3014,33215734.121929027,29999847.118866455,15328617.118866455,14327355.162941659,0,0.0,0.0
3015,33480676.979071878,29699160.700643282,15027930.700643282,14141953.48027687,0,0.0,0.0
3016,34069626.387625106,31464338.66644876,16793108.66644876,15230353.039515525,0,0.0,0.0
3017,34127565.05914467,29996481.03616579,15325251.036165789,14325279.653843574,0,0.0,0.0
3018,33350174.34030937,29494071.239552863,14822841.239552863,14015496.384516867,0,0.0,0.0
3019,32341028.93539581,28957925.31227707,14286695.312277071,13684911.592366293,0,0.0,0.0
3020,32400092.629663337,29495452.586694505,14824222.586694505,14016348.11598488,0,0.0,0.0
3021,30618619.108280245,28086797.675790653,13415567.675790653,13147778.819377147,0,0.0,0.0
3022,27125985.987261143,24807163.094805487,10135933.094805487,11016767.159878507,0,0.0,0.0
3023,25156633.66696998,22881874.619503133,8210644.619503133,9748314.654333688,0,0.0,0.0
3024,24991255.323020924,23048344.756756958,8377114.756756958,10190279.408144366,0,0.0,0.0
3025,24839939.76342129,23157235.38488084,8486005.38488084,10267235.551369496,0,0.0,0.0
3026,24837127.206551403,23400492.23997274,8729262.23997274,10439152.177285641,0,0.0,0.0
3027,24808439.126478616,23436659.74841832,8765429.74841832,10464712.79722134,0,0.0,0.0
3028,24857377.61601456,23583582.317011766,8912352.317011766,10568547.208193956,0,0.0,0.0
3029,25972275.159235664,24608142.731388077,9936912.731388077,11292633.563007165,0,0.0,0.0
3030,28049629.6633303,26544284.93384519,11873054.933845188,12660961.023355706,0,0.0,0.0
3031,30193923.02092811,28589798.36085626,13918568.360856261,14106584.27826894,0,0.0,0.0
3032,32397280.072793443,30588334.346937463,15917104.346937463,15469561.660544002,0,0.0,0.0
3033,33959936.66969972,32014847.992249683,17343617.992249683,16425854.160046814,0,0.0,0.0
3034,34677701.18289354,32609921.42265052,17938691.42265052,16824773.763806496,0,0.0,0.0
3035,35466342.12920837,33137039.24770183,18465809.24770183,17178137.942345757,0,0.0,0.0
3036,35356089.89990901,32717058.123396046,18045828.123396046,16896595.034974214,0,0.0,0.0
3037,35075396.72429482,32061816.927262984,17390586.927262984,16457340.743025145,0,0.0,0.0
3038,35317276.615104645,32077227.359539382,17405997.359539382,16467671.440420473,0,0.0,0.0
3039,35829161.965423115,32599259.7995518,17928029.7995518,16817626.527440876,0,0.0,0.0
3040,36922121.56505915,33805581.44599663,19134351.445996627,17626308.83221516,0,0.0,0.0
3041,36892308.46223839,33863314.14158713,19192084.14158713,17665011.121499754,0,0.0,0.0
3042,35999602.91173793,32899644.44106415,18228414.44106415,17018995.494774666,0,0.0,0.0
3043,34696826.56960872,31616181.879134487,16944951.879134487,16158600.204901818,0,0.0,0.0
3044,34069626.387625106,31258156.14199767,16586926.141997669,16106006.709454572,0,0.0,0.0
3045,31426385.441310275,29574666.118874833,14903436.118874833,14903436.118874833,0,0.0,0.0
3046,27933752.32029118,25197328.183555942,10526098.183555942,11709027.892109657,0,0.0,0.0
3047,26620288.262056407,23773995.265647184,9102765.265647184,10703117.52337696,0,0.0,0.0
3048,25904211.28298453,23023753.452503942,8352523.452503942,10050681.583155004,0,0.0,0.0
3049,25313011.8289354,22424459.712102797,7753229.712102797,9572751.798055148,0,0.0,0.0
3050,25001380.527752504,21966341.588013314,7295111.588013314,9207407.92436496,0,0.0,0.0
3051,25042443.858052775,21875099.32493514,7203869.324935138,9134643.281177154,0,0.0,0.0
3052,25524516.1055505,22276107.34097677,7604877.340976771,9454442.508183612,0,0.0,0.0
3053,29418219.83621474,25947186.49955672,11275956.49955672,12382085.42360981,0,0.0,0.0
3054,35393778.161965415,30804101.32955792,16132871.329557922,16255418.489623507,0,0.0,0.0
3055,37680949.40855323,33047833.104616582,18376603.104616582,18003715.461113874,0,0.0,0.0
3056,38412214.194722466,33978581.309696704,19307351.309696704,18722674.725538295,0,0.0,0.0
3057,38884723.7488626,36348110.855933115,21676880.855933115,20553024.98600157,0,0.0,0.0
3058,39640739.0354868,35916040.40830009,21244810.408300087,20219270.862690594,0,0.0,0.0
3059,41053767.606915385,37359122.91600651,22687892.916006513,21333984.307832386,0,0.0,0.0
3060,41178645.13193814,37457187.92093501,22785957.920935012,21409734.91731446,0,0.0,0.0
3061,40618383.80345768,37055897.04094243,22384667.04094243,21099756.564066,0,0.0,0.0
3062,40688135.213830754,36812523.49047108,22141293.49047108,20911761.929349326,0,0.0,0.0
3063,41098206.00545951,36869385.72910465,22198155.729104653,20955685.337461594,0,0.0,0.0
3064,41383961.78343948,36278533.00295386,21607303.002953857,20499279.36315195,0,0.0,0.0
3065,40796137.39763421,36114362.01650677,21443132.01650677,20372464.98842461,0,0.0,0.0
3066,39703740.30937215,35850261.58843127,21179031.58843127,20168459.814450618,0,0.0,0.0
3067,38112958.14376707,34093390.76715556,19422160.767155558,18983153.16685226,0,0.0,0.0
3068,36910871.33757961,32787411.930227112,18116181.930227112,18116181.930227112,0,0.0,0.0
3069,33148795.268425837,28715670.926498115,14044440.926498115,14589919.542375574,0,0.0,0.0
3070,29312467.697907183,25394914.738528978,10723684.738528978,11941655.119952662,0,0.0,0.0
3071,27300927.024567787,23645502.36280328,8974272.36280328,10546519.104979498,0,0.0,0.0
3072,26524098.81710646,22935879.51478379,8264649.5147837885,10154890.524261378,0,0.0,0.0
3073,26025151.228389453,22697117.226078816,8025887.226078816,9976624.822074069,0,0.0,0.0
3074,25734895.359417647,23937031.64991507,9265801.64991507,10902374.933686,0,0.0,0.0
3075,25853022.74795268,23257929.382993985,8586699.382993985,10395340.74865491,0,0.0,0.0
3076,26596662.784349408,23754963.02138566,9083733.021385659,10766438.090028165,0,0.0,0.0
3077,30089858.416742492,27293614.49449689,12622384.49449689,13408480.906219404,0,0.0,0.0
3078,35446091.71974522,32561951.436695945,17890721.436695945,17268231.160800677,0,0.0,0.0
3079,37194939.58143766,33712538.6756183,19041308.6756183,18088156.658955645,0,0.0,0.0
3080,37090312.46587806,33183251.02842279,18512021.02842279,17710978.446723316,0,0.0,0.0
3081,38120833.30300272,33879204.93130719,19207974.93130719,18206925.499855824,0,0.0,0.0
3082,39217167.97088262,34446754.328382455,19775524.328382455,18611369.60142636,0,0.0,0.0
3083,39551862.23839855,34109604.45668839,19438374.45668839,18371111.61215773,0,0.0,0.0
3084,39072040.03639672,33099723.249613218,18428493.249613218,17651455.315114163,0,0.0,0.0
3085,38976975.61419472,36216287.78087418,21545057.780874178,19872365.333392818,0,0.0,0.0
3086,39525986.715195626,33348229.79539188,18676999.79539188,17828544.758182537,0,0.0,0.0
3087,40744948.86260235,34277749.0920494,19606519.092049398,18490933.968296133,0,0.0,0.0
3088,40970515.92356688,36666432.04359947,21995202.04359947,20193144.79832267,0,0.0,0.0
3089,40182437.48862602,33471628.468620837,18800398.468620837,17916480.47934841,0,0.0,0.0
3090,38864473.33939945,32039027.535924323,17367797.535924323,16986004.71586505,0,0.0,0.0
3091,37758013.46678799,31445056.584289517,16773826.584289517,16773826.584289517,0,0.0,0.0
3092,36347234.940855324,31040061.371692106,16368831.371692106,16368831.371692106,0,0.0,0.0
3093,32347779.071883526,27510215.448351774,12838985.448351774,13570200.419559699,0,0.0,0.0
3094,28981148.49863512,25154371.3514917,10483141.3514917,11811270.211408038,0,0.0,0.0
3095,26866668.24385805,22659184.09468159,7987954.094681591,9948303.028287586,0,0.0,0.0
3096,26115715.559599627,21380753.016814753,6709523.016814753,8315888.307918944,0,0.0,0.0
3097,25700582.165605094,20666296.011190385,5995066.011190385,7739046.270202942,0,0.0,0.0
3098,25171821.474067334,20152337.155975785,5481107.155975785,7324083.478865922,0,0.0,0.0
3099,25342262.420382164,20156901.893506337,5485671.893506337,7327768.980551862,0,0.0,0.0
3100,26016713.557779804,20265869.60141846,5594639.601418462,7415747.899062628,0,0.0,0.0
3101,29863728.844403997,23709468.38795074,9038238.38795074,9936705.86552386,0,0.0,0.0
3102,35088896.99727025,29126524.40230935,14455294.40230935,14455294.40230935,0,0.0,0.0
3103,36538488.80800726,31106858.425038315,16435628.425038315,16137309.556006178,0,0.0,0.0
3104,36586864.786169246,30859320.791044366,16188090.791044366,15943027.100395858,0,0.0,0.0
3105,33621304.822565965,27033783.89452169,12362553.89452169,12878877.242643284,0,0.0,0.0
3106,30655744.858962692,23519878.17060893,8848648.17060893,8875707.382167984,0,0.0,0.0
3107,39750428.753412195,33056826.88515566,18385596.88515566,17667762.338808283,0,0.0,0.0
3108,39787554.50409462,33424130.80161199,18752900.80161199,17956044.591866285,0,0.0,0.0
3109,39610363.42129208,33692775.57607144,19021545.57607144,18166893.20355715,0,0.0,0.0
3110,40046309.73612374,34850370.14499635,20179140.144996352,19075443.19582784,0,0.0,0.0
3111,40801200.0,36550759.060964234,21879529.060964234,20410010.908852447,0,0.0,0.0
3112,41763094.44949954,38401421.851003505,23730191.851003505,21862522.616079442,0,0.0,0.0
3113,41440212.92083712,38588187.67878614,23916957.678786144,22009107.695124824,0,0.0,0.0
3114,40185250.04549591,37753063.95539956,23081833.955399558,21353652.259520423,0,0.0,0.0
3115,38528654.04913559,36210642.38196152,21539412.381961517,20143066.83847205,0,0.0,0.0
3116,37098187.62511373,34762504.85836712,20091274.858367123,19006481.222758137,0,0.0,0.0
3117,33647742.85714285,31132831.070718773,16461601.070718773,16157694.453850124,0,0.0,0.0
3118,29643224.385805275,26529114.06412947,11857884.064129472,12472599.00436654,0,0.0,0.0
3119,27402179.071883533,23773398.646983743,9102168.646983743,10247675.063418435,0,0.0,0.0
3120,26323844.767970886,22059904.44166635,7388674.44166635,8521729.176354418,0,0.0,0.0
3121,25502578.161965426,20530306.86633776,5859076.866337761,7628153.838872476,0,0.0,0.0
3122,25041881.346678797,19670273.649529975,4999043.649529975,7125731.185783734,0,0.0,0.0
3123,24800563.967242952,18812392.41537424,4141162.415374242,6624565.699060563,0,0.0,0.0
3124,25709019.83621474,19112472.085089244,4441242.085089244,6799869.188332536,0,0.0,0.0
3125,28797207.279344853,21818965.42523293,7147735.425232928,8380975.054881775,0,0.0,0.0
3126,34352569.60873521,26468342.13986377,11797112.13986377,11050541.65697924,0,0.0,0.0
3127,36160481.16469517,27359218.83201147,12687988.832011469,11546378.804594537,0,0.0,0.0
3128,35802723.93084622,26072380.671871588,11401150.671871588,10830160.53511882,0,0.0,0.0
3129,36044603.82165605,25831198.283242702,11159968.283242702,10695925.13678946,0,0.0,0.0
3130,37048686.62420382,26790625.296846427,12119395.296846427,11229915.48356066,0,0.0,0.0
3131,37854202.91173795,27267015.124107253,12595785.124107253,11495060.789509233,0,0.0,0.0
3132,37321504.64058235,26617632.1261211,11946402.1261211,11133632.304210009,0,0.0,0.0
3133,36913121.38307552,26177728.60718485,11506498.60718485,10888794.260990538,0,0.0,0.0
3134,36675179.07188352,25620952.764220104,10949722.764220104,10578908.338202277,0,0.0,0.0
3135,37635385.98726114,26360799.509532742,11689569.509532742,10990686.425003381,0,0.0,0.0
3136,38078644.9499545,27167186.087583847,12495956.087583847,11439498.728951093,0,0.0,0.0
3137,37674761.78343949,27121974.795247898,12450744.795247898,11414335.383193534,0,0.0,0.0
3138,36819744.494995445,28020818.718338877,13349588.718338877,11914606.869590089,0,0.0,0.0
3139,35555218.926296644,27745922.797720272,13074692.797720272,11761607.458591912,0,0.0,0.0
3140,34730577.252047315,27701325.38378772,13030095.383787721,11876925.785988437,0,0.0,0.0
3141,32188025.84167425,25082279.977312267,10411049.977312267,10411049.977312267,0,0.0,0.0
3142,29297279.890809823,22232776.748144772,7561546.748144772,8622719.418555574,0,0.0,0.0
3143,27205862.602365784,20914259.477419816,6243029.477419816,7852455.046953965,0,0.0,0.0
3144,26507785.98726115,20458768.812921204,5787538.812921204,7716714.3857838465,0,0.0,0.0
3145,26091527.570518658,19298391.43891281,4627161.438912809,6796382.798745523,0,0.0,0.0
3146,25769771.06460418,19614562.673193187,4943332.6731931865,7047148.093156563,0,0.0,0.0
3147,25660643.85805278,20430724.66970557,5759494.66970557,7694471.698696954,0,0.0,0.0
3148,25260135.75978162,21134322.84966608,6463092.849666081,8252517.420808431,0,0.0,0.0
3149,26389096.087352138,23583529.412240062,8912299.412240062,10089774.719502592,0,0.0,0.0
3150,29462658.23475887,27076355.646994654,12405125.646994654,12405125.646994654,0,0.0,0.0
3151,32729161.783439483,30639690.713806316,15968460.713806316,15766252.635266328,0,0.0,0.0
3152,34597262.05641492,32888658.447440065,18217428.447440065,17483756.478320878,0,0.0,0.0
3153,36230795.08644222,34711666.797604814,20040436.797604814,18875961.355475605,0,0.0,0.0
3154,36663366.33303002,35336028.65680044,20664798.65680044,19352777.39715912,0,0.0,0.0
3155,36906371.24658781,35579997.26944377,20908767.269443773,19539092.666841798,0,0.0,0.0
3156,36524426.023657866,35114523.6662346,20443293.666234598,19183617.26788598,0,0.0,0.0
3157,35875850.409463145,34450471.94576516,19779241.94576516,18676490.65827007,0,0.0,0.0
3158,35780785.98726113,34317262.87767691,19646032.87767691,18574760.83665025,0,0.0,0.0
3159,36432736.66969973,34879723.72399211,20208493.72399211,19004303.978006594,0,0.0,0.0
3160,37062186.89717926,35145682.07329401,20474452.073294006,19207412.48871893,0,0.0,0.0
3161,37083562.32939034,34844415.270836316,20173185.270836316,18977339.427523956,0,0.0,0.0
3162,36293796.360327564,33726544.19819471,19055314.198194712,18123637.60041977,0,0.0,0.0
3163,35430903.91264786,32396791.588523734,17725561.588523734,17108124.935090583,0,0.0,0.0
3164,34673763.6032757,31234406.07508628,16563176.07508628,16220428.079069415,0,0.0,0.0
3165,32119961.96542311,28950780.243019033,14279550.243019033,14451994.24531079,0,0.0,0.0
3166,28842208.189262964,26411340.96478488,11740110.96478488,12437885.5307886,0,0.0,0.0
3167,26873980.89171975,24688948.911713805,10017718.911713805,11071802.52433588,0,0.0,0.0
3168,25977337.76160145,23718802.895420227,9047572.895420227,10337568.196667476,0,0.0,0.0
3169,25334387.261146504,22667108.403178643,7995878.403178643,9537560.31837711,0,0.0,0.0
3170,25007005.641492262,21968607.90285654,7297377.90285654,9006221.695450211,0,0.0,0.0
3171,24828689.535941757,21953308.66005712,7282078.66005712,8994583.795982538,0,0.0,0.0
3172,24432681.52866242,21907813.266165525,7236583.266165525,8959976.147271141,0,0.0,0.0
3173,25054256.596906275,22143690.533340145,7472460.533340145,9139404.368528724,0,0.0,0.0
3174,26474035.304822568,23462128.111587733,8790898.111587733,10142319.623303924,0,0.0,0.0
3175,28949647.86169244,26075716.55076874,11404486.55076874,12130436.28396733,0,0.0,0.0
3176,31312195.63239308,28625206.63045286,13953976.63045286,14068065.796524873,0,0.0,0.0
3177,33740557.233848944,31301368.587539546,16630138.587539546,16058876.746406501,0,0.0,0.0
3178,35074834.21292084,33009701.05507004,18338471.05507004,17322065.671518873,0,0.0,0.0
3179,35744222.74795269,34410552.21765181,19739322.217651807,18357894.2985203,0,0.0,0.0
3180,35346527.206551395,33541220.263291437,18869990.263291437,17715085.876936104,0,0.0,0.0
3181,35070896.633302994,33163792.495494522,18492562.495494522,17436005.203020126,0,0.0,0.0
3182,35030958.325750686,32978847.906632412,18307617.906632412,17299251.98849638,0,0.0,0.0
3183,35353277.34303912,33159877.86571197,18488647.86571197,17433110.615999613,0,0.0,0.0
3184,36665616.37852593,34484670.537807144,19813440.537807144,18412699.46258974,0,0.0,0.0
3185,36861932.84804368,34944239.82976134,20273009.82976134,18752517.882570636,0,0.0,0.0
3186,36141355.777979985,34444606.77555451,19773376.775554508,18383075.193463124,0,0.0,0.0
3187,34704701.728844404,33200085.705641158,18528855.705641158,17462841.420199968,0,0.0,0.0
3188,33817058.780709736,32347934.19658311,17676704.19658311,16832736.701581605,0,0.0,0.0
3189,31681765.60509554,30289561.6852344,15618331.685234401,15325182.607507095,0,0.0,0.0
3190,27321739.945404913,25841626.959492676,11170396.959492676,11952367.920361599,0,0.0,0.0
3191,25739957.961783435,24280059.09697906,9608829.09697906,10764507.185412556,0,0.0,0.0
3192,25367575.4322111,23769191.62465956,9097961.62465956,10506479.544572381,0,0.0,0.0
3193,24893940.855323028,23115850.92127312,8444620.92127312,10010933.054931235,0,0.0,0.0
3194,24480494.99545041,21664193.461841255,6992963.461841255,8909878.498779789,0,0.0,0.0
3195,24609872.61146497,20699909.29624909,6028679.296249092,8178487.310692286,0,0.0,0.0
3196,25689331.938125562,21017005.771907292,6345775.771907292,8418998.952742932,0,0.0,0.0
3197,29910417.28844404,24876941.213333607,10205711.213333607,11346686.525743963,0,0.0,0.0
3198,35714409.64513193,29916226.985737443,15244996.985737443,15161465.004592843,0,0.0,0.0
3199,37454257.324840754,31314536.618271552,16643306.618271552,16189090.77412176,0,0.0,0.0
3200,37893578.70791628,31698938.86324943,17027708.86324943,16471590.188853063,0,0.0,0.0
3201,38562404.73157415,32206163.382770855,17534933.382770855,16844352.397644047,0,0.0,0.0
3202,39595175.61419471,33214345.53782623,18543115.53782623,17585271.24623736,0,0.0,0.0
3203,40476068.42584166,34321340.87249665,19650110.87249665,18398808.467313357,0,0.0,0.0
3204,40776449.49954502,34600684.75255089,19929454.752550893,18604099.887056846,0,0.0,0.0
3205,40763511.73794358,34953342.87562295,20282112.87562295,18863270.364518125,0,0.0,0.0
3206,40662822.20200181,34954906.30260081,20283676.30260081,18864419.33597182,0,0.0,0.0
3207,41414337.3976342,35536431.8925166,20865201.892516598,19291785.827579964,0,0.0,0.0
3208,41878971.79253867,35474280.829206884,20803050.829206884,19246110.65466069,0,0.0,0.0
3209,41148269.5177434,34201539.527338624,19530309.527338624,18624313.644137893,0,0.0,0.0
3210,39756616.37852592,32193866.357844457,17522636.357844457,17522636.357844457,0,0.0,0.0
3211,37820452.22929936,30485957.661268413,15814727.661268413,15814727.661268413,0,0.0,0.0
3212,36799494.08553229,30053589.317825772,15382359.317825772,15382359.317825772,0,0.0,0.0
3213,33513302.63876251,27641758.014309853,12970528.014309853,13443747.4514188,0,0.0,0.0
3214,29648849.499545038,24140690.62599896,9469460.625998959,10788254.467005203,0,0.0,0.0
3215,27586682.80254777,22450849.53728387,7779619.537283871,9506542.160969967,0,0.0,0.0
3216,26769916.287534118,22049895.187901422,7378665.187901422,8915471.51887885,0,0.0,0.0
3217,26294594.17652411,21749977.00051835,7078747.000518352,8669224.139428081,0,0.0,0.0
3218,25881148.3166515,21498604.832525395,6827374.832525395,8462835.396633819,0,0.0,0.0
3219,25856960.327570524,21619645.74119783,6948415.741197828,8562215.853774477,0,0.0,0.0
3220,26674289.353958145,22488004.065762784,7816774.065762784,9275180.158187492,0,0.0,0.0
3221,30463365.969062787,26472084.478877623,11800854.478877623,12546303.426205928,0,0.0,0.0
3222,36127292.99363057,32027635.504961237,17356405.504961237,17079717.676948294,0,0.0,0.0
3223,37816514.64968153,33845601.4642569,19174371.464256898,18535778.122943446,0,0.0,0.0
3224,38254711.010009095,34378897.866032146,19707667.866032146,18962910.321236815,0,0.0,0.0
3225,39480423.29390354,35531490.595112145,20860260.595112145,19886054.494852267,0,0.0,0.0
3226,40427692.4476797,36564070.25648726,21892840.256487258,20713076.802162062,0,0.0,0.0
3227,41203395.63239308,37342686.949144535,22671456.949144535,21336692.972185984,0,0.0,0.0
3228,41202833.12101911,37362200.775145054,22690970.775145054,21352322.148323253,0,0.0,0.0
3229,41143206.9153776,36928974.09475287,22257744.09475287,21005338.62520314,0,0.0,0.0
3230,41566215.46860782,37282013.64863915,22610783.64863915,21288098.00672904,0,0.0,0.0
3231,42114664.05823475,37626280.07300109,22955050.073001087,21563830.74024612,0,0.0,0.0
3232,42163040.03639672,37278192.30318141,22606962.30318141,21285037.382880155,0,0.0,0.0
3233,41048705.00454959,36010423.656862535,21339193.656862535,21015514.805739146,0,0.0,0.0
3234,39662114.4676979,34121766.56024933,19450536.56024933,19450536.56024933,0,0.0,0.0
3235,37805826.93357598,30941968.20366185,16270738.203661852,16270738.203661852,0,0.0,0.0
3236,36202669.51774341,28786178.471424386,14114948.471424386,14446286.83981461,0,0.0,0.0
3237,32584596.360327568,24835962.01772829,10164732.017728291,11202967.52505907,0,0.0,0.0
3238,29064400.181983616,21116223.551393017,6444993.551393017,8148881.81732117,0,0.0,0.0
3239,26525786.351228394,18786330.15374271,4115100.1537427083,6235926.325768251,0,0.0,0.0
3240,25611142.857142854,17900324.467097208,3229094.467097208,4960865.694534048,0,0.0,0.0
3241,24962567.24294813,17626235.7330826,2955005.7330826,4739425.701031035,0,0.0,0.0
3242,24328616.9244768,16729277.799617643,2058047.7996176425,4014761.2609801283,0,0.0,0.0
3243,24033298.45313922,15875758.74994274,1204528.7499427404,3325191.682375569,0,0.0,0.0
3244,24956942.129208375,16553376.205160744,1882146.2051607445,2868977.8023054064,0,0.0,0.0
3245,28486701.000909917,19461408.870562,4790178.870561998,4790178.870561998,0,0.0,0.0
3246,34773328.11646952,26031472.997165352,11360242.997165352,11360242.997165352,0,0.0,0.0
3247,37813702.09281164,28521470.231437698,13850240.231437698,13502500.218749858,0,0.0,0.0
3248,38458902.638762504,29216292.255130835,14545062.255130835,14046874.177561454,0,0.0,0.0
3249,39174417.106460415,30135196.973911807,15463966.973911807,14766810.76920059,0,0.0,0.0
3250,39749866.242038205,31084754.17547962,16413524.17547962,15510762.738638759,0,0.0,0.0
3251,40581258.05277526,32240888.983336933,17569658.983336933,16416562.58494749,0,0.0,0.0
3252,40274126.84258416,32319917.177684534,17648687.177684534,16478479.00317797,0,0.0,0.0
3253,40192562.693357594,32326832.832922235,17655602.832922235,16483897.228984213,0,0.0,0.0
3254,40307877.52502274,32357105.272565097,17685875.272565097,16507614.85342519,0,0.0,0.0
3255,41348523.56687899,33316684.33850137,18645454.33850137,17259418.678151317,0,0.0,0.0
3256,42029724.84076434,34050839.92750502,19379609.927505016,17834609.40432506,0,0.0,0.0
3257,41182020.20018198,33250385.416681517,18579155.416681517,17207475.29509018,0,0.0,0.0
3258,39847180.709736116,31796577.569879394,17125347.569879394,16068456.804126872,0,0.0,0.0
3259,38431902.09281166,30442544.911005042,15771314.911005042,15007609.430645881,0,0.0,0.0
3260,37178064.24021837,29373641.995335754,14702411.995335754,14170153.374352068,0,0.0,0.0
3261,33460426.569608733,25903703.86755228,11232473.86755228,11426904.106548754,0,0.0,0.0
3262,29601598.544131022,22342584.530987155,7671354.530987155,8549827.6532334,0,0.0,0.0
3263,27315552.32029117,20531304.45029401,5860074.45029401,7086469.990092626,0,0.0,0.0
3264,26499910.82802548,20000580.355494965,5329350.355494965,7460051.815261801,0,0.0,0.0
3265,26325532.30209281,19906517.6934312,5235287.693431199,7383964.38719624,0,0.0,0.0
3266,25975087.716105543,19896002.83418355,5224772.834183551,7375458.901820094,0,0.0,0.0
3267,25752333.212010916,20012910.54745537,5341680.54745537,7470025.725985122,0,0.0,0.0
3268,26354220.382165603,20641782.173167646,5970552.173167646,7978720.924845394,0,0.0,0.0
3269,30263111.91992721,24624202.3321103,9952972.3321103,10861782.779693004,0,0.0,0.0
3270,36450174.52229299,30792291.909265082,16121061.909265082,16121061.909265082,0,0.0,0.0
3271,38148396.36032756,32648826.06198668,17977596.06198668,17644914.662723653,0,0.0,0.0
3272,39023664.05823475,33395751.500913583,18724521.500913583,18226054.459656123,0,0.0,0.0
3273,39761116.46951773,34355849.26644534,19684619.26644534,18973051.403953593,0,0.0,0.0
3274,40790512.28389445,35462147.69904134,20790917.699041337,19833798.69271808,0,0.0,0.0
3275,41796845.131938115,36727040.56941332,22055810.56941332,20817939.207312662,0,0.0,0.0
3276,41722031.11919926,37059290.27656904,22388060.27656904,21076443.627278257,0,0.0,0.0
3277,41486901.36487715,36903985.886831105,22232755.886831105,20955610.198918,0,0.0,0.0
3278,41422212.55686989,36738694.73339147,22067464.73339147,20827006.643143218,0,0.0,0.0
3279,42346981.25568698,37522070.69972987,22850840.699729867,21436506.502531763,0,0.0,0.0
3280,42817803.27570519,37707114.167751625,23035884.167751625,21580478.200141013,0,0.0,0.0
3281,42197353.230209276,36905099.053160354,22233869.053160354,20956476.289722808,0,0.0,0.0
3282,40613321.20109189,35351609.23140579,20680379.231405787,19747795.057968073,0,0.0,0.0
3283,38857723.202911735,34056734.099711135,19385504.099711135,18740327.06736509,0,0.0,0.0
3284,37626385.80527751,33325464.261568308,18654234.261568308,18171367.994486667,0,0.0,0.0
3285,34530885.71428571,30962269.302287642,16291039.302287642,16326978.40352605,0,0.0,0.0
3286,30706370.88262056,27461498.515213937,12790268.515213937,13495199.676543921,0,0.0,0.0
3287,28458575.432211097,25372040.964426395,10700810.964426395,11805034.337784832,0,0.0,0.0
3288,27505118.6533212,24629914.686466403,9958684.686466403,11899976.679048164,0,0.0,0.0
3289,27187299.72702457,24436553.12351183,9765323.123511828,11747254.038577577,0,0.0,0.0
3290,26763728.662420377,24171101.9606268,9499871.9606268,11537592.915175749,0,0.0,0.0
3291,26651226.387625113,24156613.473767426,9485383.473767426,11526149.482800798,0,0.0,0.0
3292,27390366.333030023,25010834.658322763,10339604.658322763,12200838.458509207,0,0.0,0.0
3293,31029814.922656953,28692207.662573848,14020977.662573848,15108494.960532943,0,0.0,0.0
3294,36407423.65787079,33986791.75980752,19315561.75980752,19286668.929648172,0,0.0,0.0
3295,38633281.16469519,36313187.742258586,21641957.742258586,21054188.564808413,0,0.0,0.0
3296,39120978.52593267,36891944.46901209,22220714.46901209,21493909.01061149,0,0.0,0.0
3297,40087935.577797994,38129810.28108002,23458580.281080022,22434398.998140816,0,0.0,0.0
3298,40854638.58052777,39033153.47976933,24361923.479769327,23120729.637041572,0,0.0,0.0
3299,41480151.228389435,40371736.84124812,25700506.841248117,24137741.526917607,0,0.0,0.0
3300,41022266.96997271,39405572.66962556,24734342.669625558,23403681.56592508,0,0.0,0.0
3301,40333753.04822566,38693717.947739735,24022487.947739735,22862837.613388203,0,0.0,0.0
3302,39966433.12101911,38322265.34021293,23651035.340212934,22580620.062168337,0,0.0,0.0
3303,40802887.53412192,39108242.30594483,24437012.30594483,23177779.673083376,0,0.0,0.0
3304,41266959.41765241,39490922.03937893,24819692.039378934,23468527.2276377,0,0.0,0.0
3305,40357941.03730664,38417245.55024678,23746015.550246783,22652782.92156668,0,0.0,0.0
3306,38831285.16833484,36962089.524423495,22290859.524423495,21931269.61450825,0,0.0,0.0
3307,37097062.602365784,35310352.61022559,20639122.610225588,20639122.610225588,0,0.0,0.0
3308,35977102.45677888,34380370.74522652,19709140.745226517,19709140.745226517,0,0.0,0.0
3309,33801870.973612376,32440001.8401892,17768771.8401892,18068612.855732992,0,0.0,0.0
3310,30178172.702456776,28839404.87233495,14168174.87233495,15224755.639238257,0,0.0,0.0
3311,28155944.313011825,26882785.28492099,12211555.28492099,13679360.033098474,0,0.0,0.0
3312,27033171.61055504,25777357.716350876,11106127.716350876,11971437.350284625,0,0.0,0.0
3313,26461660.05459508,25219062.40812552,10547832.40812552,11614194.189742334,0,0.0,0.0
3314,25803521.747042768,24538889.363920916,9867659.363920916,11178963.650550293,0,0.0,0.0
3315,25378825.659690626,24129141.506740022,9457911.506740022,10916773.341285413,0,0.0,0.0
3316,24977192.53867152,23645791.917489257,8974561.917489257,10607486.602946823,0,0.0,0.0
3317,26507223.475887164,25017357.89414433,10346127.89414433,11485127.086708052,0,0.0,0.0
3318,28886646.587807097,27299963.889448814,12628733.889448814,12945725.748422371,0,0.0,0.0
3319,31470823.83985442,29690953.196066335,15019723.196066335,14447134.603003163,0,0.0,0.0
3320,32975541.765241113,31031132.26637708,16359902.26637708,15279286.253881223,0,0.0,0.0
3321,34738452.41128299,32607628.809685506,17936398.809685506,16258173.501249937,0,0.0,0.0
3322,34947706.64240219,32704587.225375477,18033357.225375477,16318377.475084735,0,0.0,0.0
3323,34677701.18289354,32173042.294535674,17501812.294535674,15988327.557493025,0,0.0,0.0
3324,34598387.07916287,31725775.342685744,17054545.342685744,15710608.004479248,0,0.0,0.0
3325,34061751.22838944,30703071.42736126,16031841.427361261,15075584.8420153,0,0.0,0.0
3326,33496427.29754322,29620494.998012662,14949264.998012662,14403385.295819415,0,0.0,0.0
3327,34453259.14467698,30201780.620770413,15530550.620770413,14766612.657055698,0,0.0,0.0
3328,35000582.71155595,32175718.877987877,17504488.877987877,17059415.06443156,0,0.0,0.0
3329,34926893.72156505,30650493.454584643,15979263.454584643,15979263.454584643,0,0.0,0.0
3330,33799620.92811646,29436110.380857304,14764880.380857304,14764880.380857304,0,0.0,0.0
3331,32220651.501364876,28014394.49843302,13343164.49843302,13402877.089265529,0,0.0,0.0
3332,31478698.999090083,27221017.80692492,12549787.80692492,12895209.565288186,0,0.0,0.0
3333,30163547.406733397,25919750.01254741,11248520.012547411,12062551.628303224,0,0.0,0.0
3334,26939232.211100996,22669304.429383628,7998074.429383628,9982649.762405008,0,0.0,0.0
3335,24851189.990900822,20459979.258236527,5788749.258236527,8568942.186543338,0,0.0,0.0
3336,24412993.630573247,19880746.3071472,5209516.307147201,6682500.712565537,0,0.0,0.0
3337,23924733.757961784,19437041.14944817,4765811.149448171,6360837.324512568,0,0.0,0.0
3338,23250845.13193813,18895302.064615607,4224072.064615607,5968104.388137382,0,0.0,0.0
3339,22836274.249317564,20187831.49670706,5516601.496707059,6905121.659788587,0,0.0,0.0
3340,22404265.514103733,18206522.938129604,3535292.938129604,5125483.144763748,0,0.0,0.0
3341,23363347.40673339,19120682.872518092,4449452.872518092,4449452.872518092,0,0.0,0.0
3342,25080132.12010918,20447508.67941965,5776278.679419652,5776278.679419652,0,0.0,0.0
3343,27016296.269335754,22240173.767182764,7568943.767182764,7568943.767182764,0,0.0,0.0
3344,28787644.585987262,24042577.383556847,9371347.383556847,9371347.383556847,0,0.0,0.0
3345,30701870.791628756,25753139.47939367,11081909.479393668,10925328.037923254,0,0.0,0.0
3346,32101961.601455867,27461954.45706494,12790724.457064942,12117300.052259097,0,0.0,0.0
3347,33029542.85714286,28416443.78442525,13745213.784425251,12783097.450492457,0,0.0,0.0
3348,32842789.080982707,28368639.02849109,13697409.028491091,12749751.575151792,0,0.0,0.0
3349,32602596.724294808,28165599.711723328,13494369.711723328,12608122.910516106,0,0.0,0.0
3350,32964854.049135577,28573409.991492495,13902179.991492495,12892588.13758578,0,0.0,0.0
3351,34062876.2511374,29197308.47110957,14526078.47110957,13327784.187016297,0,0.0,0.0
3352,35027020.74613285,29901756.354618404,15230526.354618404,13819166.913451036,0,0.0,0.0
3353,35379715.377616,30553058.91881193,15881828.918811928,14273478.491666382,0,0.0,0.0
3354,34706389.26296633,30127567.089226373,15456337.089226373,13976679.622378793,0,0.0,0.0
3355,33414300.63694267,29262658.851032387,14591428.851032387,13373368.890458189,0,0.0,0.0
3356,32530595.26842584,29120284.287434112,14449054.287434112,13274056.5028797,0,0.0,0.0
3357,30652932.30209281,28701553.825740427,14030323.825740427,12981973.978785146,0,0.0,0.0
3358,27673872.065514106,24699297.131403226,10028067.131403226,10175701.899753338,0,0.0,0.0
3359,25890148.49863513,23190500.88868946,8519270.888689458,9081902.328367468,0,0.0,0.0
3360,25386700.818926297,22866152.554897856,8194922.554897856,9912441.9958785,0,0.0,0.0
3361,25130758.143767055,22634950.131346293,7963720.131346293,9724927.851289686,0,0.0,0.0
3362,24960317.197452225,22557376.613534514,7886146.613534514,9662012.715661883,0,0.0,0.0
3363,25120632.939035486,22816808.82841649,8145578.828416489,9872422.317365417,0,0.0,0.0
3364,25988587.98908098,23760589.15245989,9089359.15245989,10637864.813271124,0,0.0,0.0
3365,29667974.88626023,27313735.52188764,12642505.521887641,13519604.51057806,0,0.0,0.0
3366,34901580.70973612,32314588.215409946,17643358.215409946,17566954.075895377,0,0.0,0.0
3367,36659991.26478617,34189630.67376197,19518400.67376197,19042892.429451194,0,0.0,0.0
3368,37587291.26478617,35233257.366335325,20562027.366335325,19864382.44718521,0,0.0,0.0
3369,39053477.161055505,36779438.14783606,22108208.14783606,21081457.56288875,0,0.0,0.0
3370,39983308.46223839,37702096.43029153,23030866.430291533,21807727.381599344,0,0.0,0.0
3371,41296210.00909917,38851720.485703744,24180490.485703744,22712653.14901079,0,0.0,0.0
3372,41152769.60873522,38643146.89526843,23971916.895268433,22548474.593858,0,0.0,0.0
3373,40952515.55959963,38427479.475576445,23756249.475576445,22378712.135990486,0,0.0,0.0
3374,41133081.71064603,38495687.2045267,23824457.2045267,22432401.80190617,0,0.0,0.0
3375,41944223.11191993,38993773.40626149,24322543.40626149,23365555.11365621,0,0.0,0.0
3376,41878971.79253867,37926684.87099736,23255454.87099736,23255454.87099736,0,0.0,0.0
3377,40595883.34849863,36077634.37813324,21406404.378133237,21406404.378133237,0,0.0,0.0
3378,38982600.72793448,34102999.71403758,19431769.714037582,19431769.714037582,0,0.0,0.0
3379,37336129.936305724,32447735.839341663,17776505.839341663,17776505.839341663,0,0.0,0.0
3380,35709909.554140136,30900167.76496985,16228937.764969852,16428340.344124962,0,0.0,0.0
3381,32446781.07370336,27624095.7015512,12952865.701551199,13771318.669582395,0,0.0,0.0
3382,29210653.139217466,24051945.924630698,9380715.924630698,10874166.470773358,0,0.0,0.0
3383,26791854.231119204,22131501.256170474,7460271.256170474,9316611.261339476,0,0.0,0.0
3384,25754583.257506825,21212672.584885627,6541442.584885627,7969441.97785393,0,0.0,0.0
3385,25220759.963603277,20293579.98529394,5622349.98529394,7263164.5473437095,0,0.0,0.0
3386,24492870.245677885,21191181.222986598,6519951.222986598,7952926.923911645,0,0.0,0.0
3387,24048486.260236576,18274316.822641056,3603086.822641056,5711460.182978258,0,0.0,0.0
3388,24725187.44313012,18792877.080325786,4121647.080325786,6109948.22055466,0,0.0,0.0
3389,28391636.578707922,22345741.42141042,7674511.421410419,8483088.666403214,0,0.0,0.0
3390,33834496.633303,27827679.929346487,13156449.929346487,13042349.16475782,0,0.0,0.0
3391,35419091.17379436,29421723.866909746,14750493.866909746,14230452.329184324,0,0.0,0.0
3392,35846037.3066424,29620043.849097863,14948813.849097863,14378267.952614948,0,0.0,0.0
3393,36764618.38034576,30221828.789235376,15550598.789235376,14826801.757005906,0,0.0,0.0
3394,37455944.858962685,31038559.302771375,16367329.302771375,15435542.886876607,0,0.0,0.0
3395,39458485.35031848,33380085.290921666,18708855.290921666,17180773.598873764,0,0.0,0.0
3396,39474235.668789804,33181724.515565965,18510494.515565965,17032927.57070313,0,0.0,0.0
3397,39376921.20109189,32969268.7007529,18298038.7007529,16874575.959475845,0,0.0,0.0
3398,39699802.729754314,32750595.51905157,18079365.51905157,16711590.302034238,0,0.0,0.0
3399,40473255.86897179,32933974.788664706,18262744.788664706,16848270.02922584,0,0.0,0.0
3400,40848450.95541401,32942987.6944694,18271757.6944694,16854987.699708387,0,0.0,0.0
3401,40053059.87261146,31900475.518207237,17229245.518207237,16077962.684034323,0,0.0,0.0
3402,38667594.35850774,30342101.643434316,15670871.643434316,14916445.809657812,0,0.0,0.0
3403,36666741.40127388,28473559.742299624,13802329.742299624,13523748.598942714,0,0.0,0.0
3404,35111959.96360327,27780141.932897024,13108911.932897024,13006917.240529656,0,0.0,0.0
3405,31876957.051865328,24727211.125563614,10055981.125563614,10670191.881663319,0,0.0,0.0
3406,28397824.20382166,21306491.14361718,6635261.143617179,8041536.923047189,0,0.0,0.0
3407,26079714.83166515,18998101.6532232,4326871.653223202,6267653.204892402,0,0.0,0.0
3408,25457577.25204731,18676710.934532456,4005480.934532456,5978142.191623627,0,0.0,0.0
3409,24945129.390354868,18466976.863975234,3795746.8639752343,5809634.0029398585,0,0.0,0.0
3410,24645310.82802548,18405742.626151517,3734512.626151517,5760436.128347087,0,0.0,0.0
3411,24616622.747952685,18665330.0449394,3994100.0449393988,5968998.359694747,0,0.0,0.0
3412,25436764.33121019,19604083.067766555,4932853.067766555,6718678.170422672,0,0.0,0.0
3413,29185340.12738853,23491627.851886597,8820397.851886597,8860621.94902479,0,0.0,0.0
3414,34750265.15013649,28708553.324296076,14037323.324296076,14036238.05602492,0,0.0,0.0
3415,36665616.37852593,33005126.107806638,18333896.107806638,17365904.43922306,0,0.0,0.0
3416,37237690.44585988,31738753.343896355,17067523.343896355,16385074.490539772,0,0.0,0.0
3417,37887391.08280254,32908378.460285358,18237148.460285358,17290971.534111854,0,0.0,0.0
3418,38808222.202001825,34251650.40610567,19580420.406105667,18331361.371317767,0,0.0,0.0
3419,39901744.31301183,35375658.01132308,20704428.01132308,19201926.77920041,0,0.0,0.0
3420,39838180.5277525,34887914.146302074,20216684.146302074,18824159.818529226,0,0.0,0.0
3421,39876431.30118288,34391584.241713,19720354.241713002,18439742.8058442,0,0.0,0.0
3422,39887681.52866242,34004549.19993276,19333319.19993276,18139976.75671047,0,0.0,0.0
3423,41066142.85714285,34618843.82787754,19947613.827877536,18615759.70591339,0,0.0,0.0
3424,41284959.78161965,34489460.98892508,19818230.988925077,18515550.22028106,0,0.0,0.0
3425,40099185.80527752,33047402.59736442,18376172.59736442,17398648.389713142,0,0.0,0.0
3426,38406589.08098271,31303650.867138408,16632420.867138408,16048079.292828223,0,0.0,0.0
3427,36845620.01819835,29886903.985064164,15215673.985064164,14950781.710912973,0,0.0,0.0
3428,35636783.0755232,29134663.701915145,14463433.701915145,14368157.210966894,0,0.0,0.0
3429,32875414.740673345,26185427.639895573,11514197.639895573,12010925.744618602,0,0.0,0.0
3430,28960335.577798,22349412.194992214,7678182.194992214,8928927.609235683,0,0.0,0.0
3431,26628725.932666056,23089346.68545893,8418116.685458928,9523418.625415986,0,0.0,0.0
3432,25729270.245677885,20812505.720000573,6141275.7200005725,8052223.484061168,0,0.0,0.0
3433,25309636.76069153,20446927.144387,5775697.144386999,7753337.568083961,0,0.0,0.0
3434,24640810.73703367,19816279.20219632,5145049.202196319,7237739.00614843,0,0.0,0.0
3435,24725749.954504095,20174853.614936896,5503623.614936896,7530898.531752686,0,0.0,0.0
3436,25592579.98180164,21092448.624770906,6421218.624770906,8281096.282126999,0,0.0,0.0
3437,29397969.426751595,25048076.263918404,10376846.263918404,11427950.86694168,0,0.0,0.0
3438,35455091.90172883,31008151.81270662,16336921.81270662,16336921.81270662,0,0.0,0.0
3439,38101707.916287534,33700185.21541294,19028955.215412937,18525642.23836914,0,0.0,0.0
3440,39048414.55868972,34564624.29370973,19893394.293709733,19209772.063010905,0,0.0,0.0
3441,39448922.656960875,36592025.11847103,21920795.118471026,20814286.95080997,0,0.0,0.0
3442,39830867.87989081,35904649.07012892,21233419.070128918,20270287.4172144,0,0.0,0.0
3443,40772511.91992721,36988263.46689978,22317033.466899782,21127875.818588853,0,0.0,0.0
3444,40972765.96906278,37124010.121870875,22452780.121870875,21235307.721649118,0,0.0,0.0
3445,41072330.482256606,37484781.1307564,22813551.1307564,21520827.21427893,0,0.0,0.0
3446,40796699.90900818,37284163.3192021,22612933.319202103,21362055.321979612,0,0.0,0.0
3447,41525714.64968154,38010407.00267002,23339177.00267002,21936815.27475387,0,0.0,0.0
3448,41775469.69972702,37642863.87629725,22971633.87629725,21645936.228553057,0,0.0,0.0
3449,40909764.695177436,36422968.048712276,21751738.048712276,20680492.694635928,0,0.0,0.0
3450,39731865.878070965,35371330.10891445,20700100.10891445,19848210.932504054,0,0.0,0.0
3451,38260898.63512283,34143940.09936796,19472710.09936796,18876836.392550875,0,0.0,0.0
3452,36675179.07188352,32825242.869252272,18154012.869252272,17833199.972767368,0,0.0,0.0
3453,33304610.919017285,28871335.10733597,14200105.10733597,14640877.097296359,0,0.0,0.0
3454,30250174.158325754,26271378.309960723,11600148.309960723,12515231.55698969,0,0.0,0.0
3455,27682872.247497726,23910477.800552923,9239247.800552923,10585031.161353601,0,0.0,0.0
3456,26533661.51046406,22975014.76451271,8303784.76451271,9966505.281155985,0,0.0,0.0
3457,25968337.579617836,22726234.344841987,8055004.344841987,9774612.191091405,0,0.0,0.0
3458,25431701.728844397,22240009.877255693,7568779.877255693,9399570.153323213,0,0.0,0.0
3459,25269135.941765238,22332683.85646591,7661453.85646591,9471052.853861962,0,0.0,0.0
3460,26039214.01273885,22931234.684210144,8260004.684210144,9932736.164986566,0,0.0,0.0
3461,29356906.09645132,25929915.858852796,11258685.858852796,12245724.4519356,0,0.0,0.0
3462,35080459.326660596,31414571.64483446,16743341.644834459,16444590.777904728,0,0.0,0.0
3463,38041519.19927206,34656455.01788358,19985225.017883576,18857379.755931057,0,0.0,0.0
3464,39014663.87625114,35914599.78767774,21243369.787677743,19793760.706139572,0,0.0,0.0
3465,39247543.58507734,36147218.961159304,21475988.961159304,19966888.765748322,0,0.0,0.0
3466,39329107.73430391,36022298.62479326,21351068.62479326,19873916.139644306,0,0.0,0.0
3467,39515298.99909009,35870134.03763782,21198904.037637822,19760666.8346919,0,0.0,0.0
3468,38767158.87170155,34540969.935893826,19869739.935893826,18771429.36818184,0,0.0,0.0
3469,38141646.22383984,33417068.41054834,18745838.41054834,17934959.66810436,0,0.0,0.0
3470,37832827.47952683,34872259.26305721,20201029.26305721,19017993.21553139,0,0.0,0.0
3471,38510653.685168326,33688628.59152795,19017398.591527946,18137069.78007984,0,0.0,0.0
3472,38835785.25932666,33850795.317994475,19179565.317994475,18257763.230520986,0,0.0,0.0
3473,38282274.06733394,33052841.657853577,18381611.657853577,18192536.70037775,0,0.0,0.0
3474,36925496.633303,32171786.156238176,17500556.156238176,17500556.156238176,0,0.0,0.0
3475,35653095.90536852,30945983.187550843,16274753.187550843,16274753.187550843,0,0.0,0.0
3476,34442571.42857142,30044758.402912144,15373528.402912144,15419647.270917177,0,0.0,0.0
3477,31546200.36396724,26787491.06596042,12116261.065960418,12907202.379629664,0,0.0,0.0
3478,28472075.705186535,24111130.608874924,9439900.608874924,10842831.40173469,0,0.0,0.0
3479,26181529.39035487,22146342.03938116,7475112.039381161,9327320.854631605,0,0.0,0.0
3480,25154946.13284804,21271741.79165561,6600511.791655611,7142974.241459924,0,0.0,0.0
3481,24328054.413102817,20792383.016688272,6121153.016688272,6856450.772730537,0,0.0,0.0
3482,23753730.30027297,20382951.034329835,5711721.034329835,6611724.113033771,0,0.0,0.0
3483,23249720.10919018,20060367.137171768,5389137.137171768,6418908.497681218,0,0.0,0.0
3484,23090529.390354864,19460133.467042852,4788903.467042852,6060135.398711193,0,0.0,0.0
3485,24375305.36851683,20170129.32900803,5498899.329008032,6484515.816421568,0,0.0,0.0
3486,26785666.606005464,22380412.447634548,7709182.447634548,7805651.506627779,0,0.0,0.0
3487,30043732.48407643,25534874.148355577,10863644.148355577,9654611.218270347,0,0.0,0.0
3488,31624389.444949947,26342453.115870774,11671223.115870774,10127163.728694303,0,0.0,0.0
3489,32001834.576888077,26592838.54833284,11921608.54833284,10273676.04444665,0,0.0,0.0
3490,32717911.55595996,27297061.34826082,12625831.34826082,10685749.990636304,0,0.0,0.0
3491,32865289.53594177,26594872.795546725,11923642.795546725,10274866.37835381,0,0.0,0.0
3492,32340466.42402183,25396428.312883988,10725198.312883988,9579064.973292446,0,0.0,0.0
3493,31582201.09190173,24389943.39931744,9718713.39931744,9246794.490076369,0,0.0,0.0
3494,31496699.36305732,23954091.63219338,9282861.63219338,9237744.564071761,0,0.0,0.0
3495,31997896.997270245,23849595.58233526,9178365.58233526,9178365.58233526,0,0.0,0.0
3496,33355236.942675155,24459145.168438964,9787915.168438964,9787915.168438964,0,0.0,0.0
3497,33205608.917197447,23413765.11093451,8742535.11093451,8742535.11093451,0,0.0,0.0
3498,32091836.39672429,22084725.8158111,7413495.815811101,7628912.988776019,0,0.0,0.0
3499,30399802.18380345,24570260.205798768,9899030.205798768,9683613.03283385,0,0.0,0.0
3500,29503159.053685166,20381805.460841995,5710575.460841995,6611039.378120045,0,0.0,0.0
3501,28347198.180163786,19221737.731062934,4550507.731062934,5917640.931580768,0,0.0,0.0
3502,25379950.682438575,16323273.533797873,1652043.5337978732,4185164.0079135005,0,0.0,0.0
3503,23384160.327570517,14103157.623682141,0.0,3197700.611988447,0,0.0,0.0
3504,23540538.489535943,14514940.658958297,0.0,1508283.6893857548,0,0.0,0.0
3505,23337471.883530483,13879093.900500417,0.0,1508283.6893857548,0,0.0,0.0
3506,23393723.02092811,13993086.81374676,0.0,1508283.6893857548,0,0.0,0.0
3507,23460099.363057327,13601204.495723987,0.0,1223932.1347033747,0,0.0,0.0
3508,23516913.011828933,13083192.773313383,0.0,27486.0932393462,0,0.0,0.0
3509,23665978.52593267,13122709.942008493,0.0,0.0,0,0.0,0.0
3510,24175051.319381252,13283927.897594932,0.0,0.0,0,0.0,0.0
3511,25997025.659690626,15057403.311211303,386173.3112113029,386173.3112113029,0,0.0,0.0
3512,28716205.641492262,18227495.44223884,3556265.442238841,3556265.442238841,0,0.0,0.0
3513,30370551.59235669,20106498.479599014,5435268.479599014,5435268.479599014,0,0.0,0.0
3514,31326258.416742496,21043575.655667648,6372345.655667648,6214562.039477686,0,0.0,0.0
3515,32610471.883530483,23280590.441803973,8609360.441803973,7811945.732852618,0,0.0,0.0
3516,32805100.8189263,23898022.440154616,9226792.440154616,8252834.998335157,0,0.0,0.0
3517,32759537.39763421,23785224.99378595,9113994.993785951,8172289.799170499,0,0.0,0.0
3518,32712286.442220196,23794822.981953885,9123592.981953885,8179143.42833901,0,0.0,0.0
3519,33174108.280254774,24289838.852420628,9618608.852420628,8532619.089003319,0,0.0,0.0
3520,34472384.53139217,25745949.336534545,11074719.336534545,9572382.955335725,0,0.0,0.0
3521,34598387.07916287,26161159.186284807,11489929.186284807,9868871.582693104,0,0.0,0.0
3522,33669680.80072793,25397529.001585953,10726299.001585953,9323586.673372662,0,0.0,0.0
3523,32385467.33393994,25041601.354132976,10370371.354132976,9069429.649652379,0,0.0,0.0
3524,31278444.9499545,25048251.118736032,10377021.118736032,9074178.042737441,0,0.0,0.0
3525,29903667.151956324,24909894.668489773,10238664.668489773,8975381.94229757,0,0.0,0.0
3526,26801979.43585077,22101455.857514225,7430225.857514225,6969961.867161672,0,0.0,0.0
3527,25089694.813466795,20512057.618898593,5840827.618898593,5833643.666562371,0,0.0,0.0
3528,24833752.138307553,22558799.836638033,7887569.836638033,9266395.52281498,0,0.0,0.0
3529,24533933.575978164,21530825.374523632,6859595.374523632,8478131.85652462,0,0.0,0.0
3530,24027110.828025475,21516389.60419938,6845159.60419938,8467062.327406049,0,0.0,0.0
3531,23749792.72065514,21583093.935909767,6911863.935909767,8518212.042704744,0,0.0,0.0
3532,23520850.59144677,21241584.782334737,6570354.7823347375,8256338.555191187,0,0.0,0.0
3533,24936691.71974522,22785615.731458597,8114385.731458597,9440320.785954734,0,0.0,0.0
3534,27379678.616924476,25217566.97841274,10546336.97841274,11305171.399286553,0,0.0,0.0
3535,30461115.92356687,28349142.022875965,13677912.022875965,13706502.285206238,0,0.0,0.0
3536,32736474.431301188,30522161.50374658,15850931.50374658,15326988.64159565,0,0.0,0.0
3537,33973436.94267515,31530972.209482394,16859742.209482394,16077986.096962156,0,0.0,0.0
3538,35012957.96178344,32749806.465028577,18078576.465028577,16985333.15347565,0,0.0,0.0
3539,35768410.73703367,33581455.36241074,18910225.36241074,17604444.550828252,0,0.0,0.0
3540,36212794.72247498,34153301.47117677,19482071.471176773,18030148.76877792,0,0.0,0.0
3541,36036166.1510464,34122591.37654112,19451361.376541123,18007286.994220704,0,0.0,0.0
3542,36148105.91446769,34196664.17958272,19525434.179582722,18062429.635233365,0,0.0,0.0
3543,36333172.15650591,34021932.78411095,19350702.78411095,17932352.869963285,0,0.0,0.0
3544,36720179.98180163,34097463.05577807,19426233.05577807,18870585.72903711,0,0.0,0.0
3545,36634678.252957225,33291084.38417026,18619854.38417026,18619854.38417026,0,0.0,0.0
3546,35388715.559599645,31381303.520049788,16710073.520049788,16710073.520049788,0,0.0,0.0
3547,34233879.7088262,29822532.853511486,15151302.853511486,15151302.853511486,0,0.0,0.0
3548,33404175.432211094,28566769.884670153,13895539.884670153,13895539.884670153,0,0.0,0.0
3549,31334133.575978164,26220122.95113618,11548892.95113618,12073943.850204047,0,0.0,0.0
3550,27567557.41583258,22226633.358912632,7555403.358912632,9011686.11591783,0,0.0,0.0
3551,26029651.319381256,20888162.91361913,6216932.913619131,7985330.248809783,0,0.0,0.0
3552,25114445.313921742,20061381.56961346,5390151.56961346,7102012.808376569,0,0.0,0.0
3553,24563184.167424925,19883357.14676006,5212127.146760061,6966366.142962897,0,0.0,0.0
3554,24034423.475887172,19030882.980429035,4359652.980429035,6316818.872084649,0,0.0,0.0
3555,23856669.881710645,18933216.14199939,4261986.14199939,6242401.099836701,0,0.0,0.0
3556,24561496.633302998,19765676.833919767,5094446.833919767,6876698.996367131,0,0.0,0.0
3557,27474180.527752504,24395828.382262584,9724598.382262584,10404667.843708051,0,0.0,0.0
3558,32372529.572338484,27458994.45370413,12787764.45370413,12732640.139877643,0,0.0,0.0
3559,36066541.76524111,29723659.776417416,15052429.776417416,14392720.196438437,0,0.0,0.0
3560,37307441.856232926,30171446.930329967,15500216.930329967,14720964.07262572,0,0.0,0.0
3561,37758013.46678799,30453170.979263417,15781940.979263417,14927477.79913417,0,0.0,0.0
3562,37880640.94631482,30785592.55962608,16114362.55962608,15171154.615481278,0,0.0,0.0
3563,39489985.98726115,32563214.555904858,17891984.555904858,16474214.628159272,0,0.0,0.0
3564,39838180.5277525,32459739.819461435,17788509.819461435,16398363.973934645,0,0.0,0.0
3565,39734678.43494087,32369300.89038652,17698070.89038652,16332069.029163696,0,0.0,0.0
3566,40168937.2156506,33104136.589738075,18432906.589738075,16870729.676769167,0,0.0,0.0
3567,40645946.86078253,32641017.38452146,17969787.38452146,16531246.862827694,0,0.0,0.0
3568,41168519.92720656,32512229.429714978,17840999.429714978,16436840.721154027,0,0.0,0.0
3569,40648759.417652406,31370126.17850433,16698896.17850433,15599638.50374362,0,0.0,0.0
3570,38982600.72793448,29450616.073459536,14779386.073459536,14192569.471603373,0,0.0,0.0
3571,37052624.20382166,27981638.629930913,13310408.629930913,13251300.860434953,0,0.0,0.0
3572,35558031.4831665,26685722.256123636,12014492.256123636,12149464.783149503,0,0.0,0.0
3573,32342153.958143763,24240719.61094478,9569489.610944781,10286481.88209425,0,0.0,0.0
3574,28663892.083712462,21623926.214623213,6952696.214623213,8292602.09527514,0,0.0,0.0
3575,26337345.040946312,20040575.07585612,5369345.075856119,7086159.188677111,0,0.0,0.0
3576,25651081.164695177,20324165.811880972,5652935.811880972,7789290.752625951,0,0.0,0.0
3577,25070006.91537762,20498957.621038467,5827727.621038467,7933498.1479542535,0,0.0,0.0
3578,24737000.181983624,21073649.492471527,6402419.492471527,8407632.595644731,0,0.0,0.0
3579,24491745.222929936,21086877.295085188,6415647.295085188,8418545.847072398,0,0.0,0.0
3580,25107695.17743404,21426346.85166256,6755116.851662561,8370882.43719309,0,0.0,0.0
3581,28136818.926296633,24471872.797472138,9800642.797472138,9800642.797472138,0,0.0,0.0
3582,34714826.93357597,31335611.200834963,16664381.200834963,16664381.200834963,0,0.0,0.0
3583,38165834.21292083,35223095.163084924,20551865.163084924,20004057.00846226,0,0.0,0.0
3584,38948850.045495905,36013863.31160933,21342633.311609328,20633789.29971902,0,0.0,0.0
3585,39999621.29208372,37189626.95035615,22518396.95035615,21570114.73415397,0,0.0,0.0
3586,40108748.49863511,37493152.46220231,22821922.46220231,21811828.840098213,0,0.0,0.0
3587,40616133.75796179,38150059.73413315,23478829.734133147,22334960.332265876,0,0.0,0.0
3588,40599820.92811647,38203009.4782476,23531779.478247598,22377127.133931927,0,0.0,0.0
3589,40810200.18198362,38417981.7497472,23746751.7497472,22548321.410460044,0,0.0,0.0
3590,40463130.664240226,38159216.39852059,23487986.39852059,22342252.289150756,0,0.0,0.0
3591,41071205.45950864,38592054.56199866,23920824.561998658,22686945.191791102,0,0.0,0.0
3592,41410399.81801638,38879537.4423054,24208307.4423054,22915883.665413857,0,0.0,0.0
3593,40569445.31392175,38340504.43052745,23669274.43052745,22486621.947926402,0,0.0,0.0
3594,39207605.277525015,37240178.62699929,22568948.62699929,21610371.822427887,0,0.0,0.0
3595,37855327.9344859,36165694.34488512,21494464.34488512,20754700.72571293,0,0.0,0.0
3596,36638615.83257507,35035852.968611114,20364622.968611114,19854945.72171409,0,0.0,0.0
3597,33877810.00909918,32207437.080085162,17536207.080085162,17593271.87638266,0,0.0,0.0
3598,30366051.50136488,28829713.68391427,14158483.68391427,14806569.825244915,0,0.0,0.0
3599,27993941.037306644,26469745.891949065,11798515.891949065,12859540.327819573,0,0.0,0.0
3600,26896481.3466788,25370046.599661827,10698816.599661827,12572807.232915584,0,0.0,0.0
3601,26756978.525932655,25178992.87969961,10507762.87969961,12420663.61565036,0,0.0,0.0
3602,26174216.74249317,24892844.06789327,10221614.06789327,12192792.023760032,0,0.0,0.0
3603,26141028.571428567,25084734.481513042,10413504.481513042,12345601.933205422,0,0.0,0.0
3604,26751353.412192896,25548568.36686957,10877338.366869569,12714971.161620744,0,0.0,0.0
3605,29327092.99363057,28033554.998673044,13362324.998673044,14693864.088139286,0,0.0,0.0
3606,34882455.32302093,33374190.31716258,18702960.31716258,18946822.76389842,0,0.0,0.0
3607,38888098.81710645,37048908.84317026,22377678.843170263,21803457.84873052,0,0.0,0.0
3608,39861806.00545952,37818812.506728195,23147582.506728195,22394913.86335269,0,0.0,0.0
3609,40687010.1910828,38602782.762810014,23931552.762810014,22997176.1270516,0,0.0,0.0
3610,41361461.32848043,39376897.6655066,24705667.6655066,23591867.30320822,0,0.0,0.0
3611,41783344.858962685,39875154.867959365,25203924.867959365,23974638.853946965,0,0.0,0.0
3612,41965598.54413102,39877553.17343592,25206323.17343592,23976481.282118365,0,0.0,0.0
3613,41864909.00818928,39854736.569060445,25183506.569060445,23958953.091865625,0,0.0,0.0
3614,41927910.2820746,40107615.48141727,25436385.48141727,24153219.934282456,0,0.0,0.0
3615,41935222.92993631,40125100.106293626,25453870.106293626,24166651.986935318,0,0.0,0.0
3616,41855346.31483167,40048764.40314963,25377534.403149627,24108009.311374735,0,0.0,0.0
3617,41071205.45950864,39200529.40267785,24529299.40267785,23456377.533804525,0,0.0,0.0
3618,40281439.49044586,38397438.47158674,23726208.47158674,22848901.721993864,0,0.0,0.0
3619,38804284.62238397,37186932.1645769,22515702.164576903,22495211.078492373,0,0.0,0.0
3620,36924934.12192903,35436141.544292144,20764911.544292144,20764911.544292144,0,0.0,0.0
3621,34168065.87807097,32875775.919105664,18204545.919105664,18549915.708477356,0,0.0,0.0
3622,31163692.629663326,29976752.48572879,15305522.48572879,16241308.93663428,0,0.0,0.0
3623,28841083.166515015,27744883.152027003,13073653.152027003,14463983.304032886,0,0.0,0.0
3624,27996191.082802545,26877713.70527604,12206483.705276038,13733864.11944862,0,0.0,0.0
3625,27264363.78525933,26058144.140861593,11386914.140861593,13087392.226095272,0,0.0,0.0
3626,26749665.878070973,25548753.09587579,10877523.095875788,12685587.415853823,0,0.0,0.0
3627,26404846.405823477,25308712.241466135,10637482.241466135,12496244.531039363,0,0.0,0.0
3628,26544349.226569608,25498796.423320774,10827566.423320774,12646181.871657774,0,0.0,0.0
3629,29160027.115559593,28126199.13440994,13454969.134409942,14718662.450476086,0,0.0,0.0
3630,34628762.693357594,33749976.11519547,19078746.115195468,19154666.312043224,0,0.0,0.0
3631,37900891.35577797,36907018.28969073,22235788.289690733,21580420.419053935,0,0.0,0.0
3632,39335295.35941766,38426116.61246844,23754886.612468436,22743657.73393172,0,0.0,0.0
3633,39626113.739763424,38732263.37679376,24061033.376793757,22978087.154827368,0,0.0,0.0
3634,40581258.05277526,39647381.28767172,24976151.287671722,23678831.33016143,0,0.0,0.0
3635,41318710.46405823,40307241.642581105,25636011.642581105,24184114.086339828,0,0.0,0.0
3636,41067267.87989081,40041634.98172071,25370404.98172071,23980727.92340342,0,0.0,0.0
3637,41006516.65150136,39997484.402016036,25326254.402016036,23946919.97232092,0,0.0,0.0
3638,40861951.22838943,39690804.71850517,25019574.718505166,23712082.47284793,0,0.0,0.0
3639,41065580.345768884,39688325.440809526,25017095.440809526,23710183.985905856,0,0.0,0.0
3640,41236021.2920837,39509787.566208616,24838557.566208616,23573470.045313124,0,0.0,0.0
3641,40080060.41856232,38154507.98947275,23483277.989472747,22906140.721341573,0,0.0,0.0
3642,38139396.17834394,36213763.87244959,21542533.87244959,21542533.87244959,0,0.0,0.0
3643,36166668.789808914,34347486.41108614,19676256.411086142,19676256.411086142,0,0.0,0.0
3644,34798641.128298454,32945619.159936428,18274389.159936428,18520194.039796565,0,0.0,0.0
3645,33038543.03912648,31101223.06962797,16429993.06962797,17065344.708675873,0,0.0,0.0
3646,30486991.446769793,28593718.001052655,13922488.001052655,15087438.720386576,0,0.0,0.0
3647,27993378.52593266,26175621.59029424,11504391.590294238,13180057.7818438,0,0.0,0.0
3648,26589912.6478617,24873412.896828923,10202182.896828923,11625868.661840525,0,0.0,0.0
3649,25682019.29026388,23945094.022550315,9273864.022550315,10968538.651148029,0,0.0,0.0
3650,25109945.222929932,23489628.234751448,8818398.234751448,10646029.501049638,0,0.0,0.0
3651,24771875.887170155,23197202.254087005,8525972.254087005,10438966.628234198,0,0.0,0.0
3652,24517620.74613284,23071278.09091932,8400048.09091932,10349801.435308674,0,0.0,0.0
3653,25772583.62147407,24300981.39381378,9629751.393813781,10873926.085578145,0,0.0,0.0
3654,27858375.79617834,26320797.789401732,11649567.789401732,11649567.789401732,0,0.0,0.0
3655,31381947.042766146,29624309.194521908,14953079.194521908,14953079.194521908,0,0.0,0.0
3656,33413175.61419472,31697260.06469484,17026030.06469484,16403725.23995068,0,0.0,0.0
3657,34505572.70245678,32985863.603333686,18314633.603333686,17280495.039484747,0,0.0,0.0
3658,35324589.262966335,33681060.625531346,19009830.625531346,17753509.225393932,0,0.0,0.0
3659,35812286.62420381,34062910.669336334,19391680.669336334,18013321.16624319,0,0.0,0.0
3660,35189586.53321202,33530514.38985297,18859284.38985297,17651077.104948446,0,0.0,0.0
3661,34611887.35213831,32893870.616217665,18222640.616217665,17217902.728930157,0,0.0,0.0
3662,34345819.4722475,32621361.635875702,17950131.635875702,17032486.782984484,0,0.0,0.0
3663,35144585.62329391,33424531.26379996,18753301.26379996,17578965.860956635,0,0.0,0.0
3664,36382110.64604185,34574898.03897612,19903668.038976118,18361678.94269104,0,0.0,0.0
3665,36106480.07279345,34222137.64646549,19550907.646465488,18121659.689793587,0,0.0,0.0
3666,35209836.94267515,33149353.592351586,18478123.592351586,17391734.129397903,0,0.0,0.0
3667,33581929.02638762,31785168.049810916,17113938.049810916,16463538.102616796,0,0.0,0.0
3668,32504719.745222934,31077397.539644912,16406167.539644912,15981968.87693403,0,0.0,0.0
3669,31274507.370336667,29895327.347503744,15224097.347503744,15177684.693069706,0,0.0,0.0
3670,28307259.872611467,27144041.337413948,12472811.337413948,13233669.880240059,0,0.0,0.0
3671,26203467.333939943,25242824.904928826,10571594.904928826,11887444.297069246,0,0.0,0.0
3672,25345637.488626022,24396405.66666247,9725175.66666247,11057375.508349514,0,0.0,0.0
3673,24733062.602365784,23776367.437189404,9105137.437189404,10599085.449239131,0,0.0,0.0
3674,24339867.151956324,23410617.566601977,8739387.566601977,10328748.038022447,0,0.0,0.0
3675,23689041.492265694,22618597.90408045,7947367.904080451,9743341.008746136,0,0.0,0.0
3676,23245782.529572334,22197182.599184126,7525952.599184126,9431859.497105986,0,0.0,0.0
3677,24078299.363057327,23165003.780642357,8493773.780642357,10147207.04403984,0,0.0,0.0
3678,25332699.727024574,24505776.955436517,9834546.955436517,11138215.321145948,0,0.0,0.0
3679,27588932.84804368,26762027.455442328,12090797.455442328,12714287.063624037,0,0.0,0.0
3680,30514554.50409463,29661018.257878434,14989788.257878434,14944845.69599481,0,0.0,0.0
3681,32810163.421292093,31920345.12638951,17249115.12638951,16561448.137774369,0,0.0,0.0
3682,34394195.45040946,33566879.319494605,18895649.319494605,17739582.75571984,0,0.0,0.0
3683,35338089.53594177,34503882.62584255,19832652.62584255,18410031.04459263,0,0.0,0.0
3684,35068646.5878071,34203859.86766421,19532629.86766421,18195357.581349965,0,0.0,0.0
3685,34241754.86806188,33290423.811305344,18619193.811305344,17541772.223826017,0,0.0,0.0
3686,34245129.936305724,33239402.654874407,18568172.654874407,17505265.365425758,0,0.0,0.0
3687,35136147.952684246,34006895.1067219,19335665.1067219,18054424.581383593,0,0.0,0.0
3688,36324171.97452231,35018357.801354714,20347127.801354714,18778150.344442356,0,0.0,0.0
3689,36222919.92720656,34753435.88315567,20082205.883155666,18588592.372193858,0,0.0,0.0
3690,35298151.22838944,33838290.68324598,19167060.68324598,17933784.081558257,0,0.0,0.0
3691,33849684.44040038,32377841.291783057,17706611.291783057,16888797.592334438,0,0.0,0.0
3692,32636347.406733394,31203467.973206356,16532237.973206356,16048505.379272321,0,0.0,0.0
3693,31132191.992720652,29879636.61558126,15208406.61558126,15101272.362629872,0,0.0,0.0
3694,27534369.244767964,26469526.06381927,11798296.06381927,12589685.008303007,0,0.0,0.0
3695,26223717.743403092,24994028.747091874,10322798.747091874,11499097.814873226,0,0.0,0.0
3696,25687644.404003635,24360012.504201557,9688782.504201557,11192855.030974284,0,0.0,0.0
3697,25064944.313011825,23713532.99030568,9042302.99030568,10668276.773490258,0,0.0,0.0
3698,24605372.52047315,23195116.779677954,8523886.779677954,10247613.98901358,0,0.0,0.0
3699,24425931.392174706,23044905.590294376,8373675.590294376,10125726.872271726,0,0.0,0.0
3700,25827147.22474977,24284226.10319767,9612996.103197671,11131359.04026606,0,0.0,0.0
3701,28798332.302092813,27068403.41331829,12397173.413318291,13390547.228717906,0,0.0,0.0
3702,34474072.0655141,32940514.42669566,18269284.42669566,18143007.98688124,0,0.0,0.0
3703,37475632.75705186,36125209.744755745,21453979.744755745,20661709.434136536,0,0.0,0.0
3704,38651844.04003641,36934062.92169072,22262832.921690717,21301412.59688812,0,0.0,0.0
3705,39335295.35941766,37166018.36294039,22494788.362940393,21484860.759813223,0,0.0,0.0
3706,39835367.97088261,37924249.85561606,23253019.855616063,22084528.410004653,0,0.0,0.0
3707,40204937.94358508,38141469.19577837,23470239.19577837,22256322.133358978,0,0.0,0.0
3708,39961933.03002729,37946578.95521583,23275348.955215827,22102187.975476705,0,0.0,0.0
3709,40211688.08007279,38312242.305414006,23641012.305414006,22391382.6133843,0,0.0,0.0
3710,40520506.8243858,38406803.763299465,23735573.763299465,22466169.070813987,0,0.0,0.0
3711,41374961.60145586,38756150.494077645,24084920.494077645,22742459.273966257,0,0.0,0.0
3712,41906534.849863514,38779831.99705263,24108601.997052632,23330312.20180914,0,0.0,0.0
3713,40895701.910828024,37481128.524796315,22809898.524796315,22809898.524796315,0,0.0,0.0
3714,39331357.77979981,35393120.12704713,20721890.12704713,20721890.12704713,0,0.0,0.0
3715,37430069.33575978,32858958.80136416,18187728.80136416,18187728.80136416,0,0.0,0.0
3716,35532155.9599636,30966251.35476829,16295021.354768291,16553410.455027185,0,0.0,0.0
3717,32204338.671519563,27325191.70999842,12653961.709998421,13598915.095478257,0,0.0,0.0
3718,28865833.66696997,23870769.17879949,9199539.178799491,10795864.243782159,0,0.0,0.0
3719,26756416.014558695,22485899.542751234,7814669.542751234,9672127.938291518,0,0.0,0.0
3720,26071839.672429487,21685895.695782106,7014665.695782106,8792283.950899815,0,0.0,0.0
3721,25527328.662420385,21119750.558193687,6448520.558193687,8331393.091462486,0,0.0,0.0
3722,25107695.17743404,20541274.610625096,5870044.610625096,7860463.891620912,0,0.0,0.0
3723,25318636.942675155,20418024.529186446,5746794.529186446,7760127.71951856,0,0.0,0.0
3724,26448722.292993624,21669496.89182648,6998266.891826481,8451585.18585032,0,0.0,0.0
3725,29383906.642402176,24706189.13058739,10034959.130587392,10034959.130587392,0,0.0,0.0
3726,35351589.808917195,30890539.430526484,16219309.430526484,16219309.430526484,0,0.0,0.0
3727,37983018.01637852,33755990.33698378,19084760.336983778,18556898.374121964,0,0.0,0.0
3728,39310544.858962685,35363690.50891717,20692460.508917168,19826349.995856795,0,0.0,0.0
3729,39663239.49044586,35977997.51362092,21306767.51362092,20311411.226164736,0,0.0,0.0
3730,40318002.72975432,36668778.971603185,21997548.971603185,20856857.234947193,0,0.0,0.0
3731,40652134.48589626,37314591.69792779,22643361.697927788,21366795.609702628,0,0.0,0.0
3732,40074435.30482256,36752547.188867316,22081317.188867316,20923001.221936945,0,0.0,0.0
3733,39864056.05095541,36513057.8035744,21841827.8035744,20733898.68039601,0,0.0,0.0
3734,40435567.60691537,36988136.20867306,22316906.20867306,21109024.006829508,0,0.0,0.0
3735,41448088.08007279,37541810.07659331,22870580.07659331,21546208.876131542,0,0.0,0.0
3736,41962785.987261154,37843823.19380102,23172593.193801023,21784680.60619515,0,0.0,0.0
3737,41229271.15559599,37067693.41026129,22396463.41026129,21171842.94554705,0,0.0,0.0
3738,39748741.219290264,35768278.875340685,21097048.875340685,20145815.88063911,0,0.0,0.0
3739,37782763.96724294,33628467.42367539,18957237.423675388,18456205.36435945,0,0.0,0.0
3740,35729597.4522293,31745191.307573624,17073961.307573624,16969156.99458485,0,0.0,0.0
3741,33009854.95905368,28826477.3176008,14155247.317600802,14605331.846322995,0,0.0,0.0
3742,29459283.166515015,25618232.693580877,10947002.693580877,11993544.64923026,0,0.0,0.0
3743,27327365.059144672,23832332.444125067,9161102.444125067,10539668.16740235,0,0.0,0.0
3744,26450409.827115554,23041992.557821408,8370762.557821408,10217531.3487669,0,0.0,0.0
3745,25887335.941765238,22803608.252959605,8132378.252959605,10024060.625353863,0,0.0,0.0
3746,25248323.02092812,22581427.66830933,7910197.668309331,9843740.706785664,0,0.0,0.0
3747,24960317.197452225,22242370.934230503,7571140.934230503,9568565.075326543,0,0.0,0.0
3748,25683706.824385803,23330015.327500556,8658785.327500556,10451288.238263266,0,0.0,0.0
3749,29257904.094631486,27083972.43318854,12412742.433188539,13497968.670181708,0,0.0,0.0
3750,34623137.57961784,32486412.855709463,17815182.855709463,17882544.480853677,0,0.0,0.0
3751,36665053.867151946,34634703.25100206,19963473.25100206,19579712.88623832,0,0.0,0.0
3752,37944204.73157415,35696873.63796711,21025643.63796711,20414283.415040348,0,0.0,0.0
3753,38976413.10282074,36738684.546362184,22067454.546362184,21232857.055767916,0,0.0,0.0
3754,39807242.40218381,37651901.13439352,22980671.13439352,21950391.323468376,0,0.0,0.0
3755,40597570.88262056,38649808.4007821,23978578.4007821,22734468.911420092,0,0.0,0.0
3756,40901889.53594177,38878768.38286599,24207538.382865988,22914367.78232369,0,0.0,0.0
3757,41282147.22474976,39191627.66559972,24520397.66559972,23160188.170686956,0,0.0,0.0
3758,41466088.44404003,39198725.34564835,24527495.34564835,23165764.973301806,0,0.0,0.0
3759,42588298.63512282,39889230.088207,25218000.088207,23708309.66783437,0,0.0,0.0
3760,42832428.57142856,39848096.40605926,25176866.406059258,23675990.03316663,0,0.0,0.0
3761,41752406.733394,38542967.89369469,23871737.89369469,22650521.985774588,0,0.0,0.0
3762,40202687.89808917,37088700.30880586,22417470.30880586,21507872.103764426,0,0.0,0.0
3763,38191709.73612375,35057462.03423594,20386232.03423594,20157129.463375222,0,0.0,0.0
3764,36157668.6078253,32886355.382462583,18215125.382462583,18215125.382462583,0,0.0,0.0
3765,33412050.591446765,30477049.341484405,15805819.341484405,16251761.72893451,0,0.0,0.0
3766,29896917.015468605,26526335.580120027,11855105.580120027,13045395.22820332,0,0.0,0.0
3767,27706497.72520473,24755411.996151872,10084181.996151872,11608128.344806205,0,0.0,0.0
3768,26606225.477707006,23697897.092333347,9026667.092333347,10901916.755184297,0,0.0,0.0
3769,25940774.52229299,23149999.119557556,8478769.119557556,10466678.232538888,0,0.0,0.0
3770,25557704.276615106,24186025.966933724,9514795.966933724,11289675.974597525,0,0.0,0.0
3771,25255073.157415826,23072249.98915203,8401019.98915203,10404915.973256882,0,0.0,0.0
3772,26188842.03821656,24023283.51355497,9352053.513554972,11160396.82318654,0,0.0,0.0
3773,29588098.271155592,27421607.08839797,12750377.088397969,13859952.955311509,0,0.0,0.0
3774,34923518.6533212,32805774.67414407,18134544.67414407,18134544.67414407,0,0.0,0.0
3775,37245565.605095536,35147884.821710326,20476654.821710326,19931381.30182451,0,0.0,0.0
3776,37974017.8343949,35616734.97931968,20945504.979319677,20290524.235059377,0,0.0,0.0
3777,38476340.49135578,35846180.310700245,21174950.310700245,20466281.17571869,0,0.0,0.0
3778,39565362.51137398,37258457.56157831,22587227.56157831,21548096.732756104,0,0.0,0.0
3779,40268501.72884441,38095072.621747755,23423842.621747755,22188950.493432622,0,0.0,0.0
3780,40640884.25841673,38636836.75660363,23965606.75660363,22603946.110594627,0,0.0,0.0
3781,40865326.2966333,38842860.77800572,24171630.77800572,22761762.14235299,0,0.0,0.0
3782,40262876.61510463,38205048.30309169,23533818.30309169,22273192.73616484,0,0.0,0.0
3783,41455963.23930846,38927740.89886525,24256510.898865253,22826780.98703944,0,0.0,0.0
3784,41471151.04640581,38801474.59488278,24130244.59488278,22730059.99837172,0,0.0,0.0
3785,40510944.131028205,37788536.06466532,23117306.064665318,21954141.06345257,0,0.0,0.0
3786,39388733.93994541,36755749.29500816,22084519.29500816,21163018.219957884,0,0.0,0.0
3787,37769263.69426751,34996331.90480223,20325101.904802233,19815290.567428242,0,0.0,0.0
3788,36024353.4121929,33360245.33055175,18689015.33055175,18608476.129045393,0,0.0,0.0
3789,33440176.160145592,30595461.70272676,15924231.702726759,16381195.708653575,0,0.0,0.0
3790,29286592.174704276,26934157.40702216,12262927.40702216,13472733.272582736,0,0.0,0.0
3791,27280114.10373066,25308914.161787115,10637684.161787115,12181674.527809842,0,0.0,0.0
3792,27075359.963603277,25104887.88941615,10433657.88941615,11999413.412187826,0,0.0,0.0
3793,26058901.91082802,23952344.457746726,9281114.457746726,11080858.04433643,0,0.0,0.0
3794,25302324.11282984,22992675.83681052,8321445.836810522,10316020.261310183,0,0.0,0.0
3795,24974379.98180164,22459212.885920517,7787982.885920517,9890860.35529251,0,0.0,0.0
3796,25911523.930846225,23240662.33404432,8569432.334044319,10513660.820381198,0,0.0,0.0
3797,29401907.006369423,26586559.86614258,11915329.866142578,13072077.639062501,0,0.0,0.0
3798,35180586.35122838,32565970.823038597,17894740.823038597,17894740.823038597,0,0.0,0.0
3799,37269191.08280254,34666987.39667658,19995757.396676578,19577802.959195856,0,0.0,0.0
3800,38199584.895359404,35744888.57356007,21073658.573560067,20412172.543082654,0,0.0,0.0
3801,39163729.390354864,36874630.054238714,22203400.054238714,21286670.084553845,0,0.0,0.0
3802,40388316.65150136,38377295.91040517,23706065.910405166,22449836.719880775,0,0.0,0.0
3803,41032954.68607826,39220894.34085023,24549664.340850227,23102839.876824245,0,0.0,0.0
3804,40746636.3967243,39147168.45133668,24475938.45133668,23045770.971924312,0,0.0,0.0
3805,40447380.34576888,38840844.15679902,24169614.15679902,22808654.91745745,0,0.0,0.0
3806,39794867.15195633,38358632.925994486,23687402.925994486,22435390.287433382,0,0.0,0.0
3807,41012704.276615106,39320898.38579865,24649668.385798648,23180249.879856132,0,0.0,0.0
3808,40919327.38853503,39038494.94012003,24367264.940120026,22961650.20623822,0,0.0,0.0
3809,39905681.89262967,37888623.84905887,23217393.849058867,22071570.963031445,0,0.0,0.0
3810,38335712.64786169,36082690.216598034,21411460.216598034,20673654.228400767,0,0.0,0.0
3811,36283671.15559599,34028330.80690653,19357100.80690653,19083438.87046399,0,0.0,0.0
3812,34724952.13830756,32592172.78564279,17920942.78564279,17966638.197894912,0,0.0,0.0
3813,32532282.802547775,30669651.962207995,15998421.962207995,16434425.377407787,0,0.0,0.0
3814,29538034.7588717,27643857.696064744,12972627.696064744,14022924.440602263,0,0.0,0.0
3815,27284051.6833485,25424848.204657763,10753618.204657763,12254415.746146644,0,0.0,0.0
3816,26150028.75341219,24341223.98341773,9669993.98341773,11220634.417667784,0,0.0,0.0
3817,25626330.66424021,24051506.801287726,9380276.801287726,11011347.932954768,0,0.0,0.0
3818,25170696.451319378,23811145.48338277,9139915.483382769,10837715.237387734,0,0.0,0.0
3819,24619997.81619653,23352105.63689399,8680875.636893991,10506113.103511771,0,0.0,0.0
3820,24248740.309372164,22963191.759587277,8291961.759587277,10225168.709260728,0,0.0,0.0
3821,25482327.752502274,24212872.35815986,9541642.358159859,11127915.510698127,0,0.0,0.0
3822,27871313.5577798,26558665.547174834,11887435.547174834,12405101.044944923,0,0.0,0.0
3823,31812830.75523202,30612002.061788537,15940772.061788537,15730375.778073335,0,0.0,0.0
3824,33622429.84531392,32503089.557277784,17831859.557277784,17041089.165805425,0,0.0,0.0
3825,34884142.85714286,33706321.87939139,19035091.879391387,17875049.89840401,0,0.0,0.0
3826,35261025.47770701,34006361.3492437,19335131.3492437,18083007.357232064,0,0.0,0.0
3827,35752660.41856234,34378109.17103159,19706879.171031587,18340665.899229668,0,0.0,0.0
3828,35367340.12738854,34063357.68983369,19392127.689833693,18122511.54032315,0,0.0,0.0
3829,34633825.295723386,33377590.501568183,18706360.501568183,17647206.06838123,0,0.0,0.0
3830,34025187.98908099,32801864.22503318,18130634.22503318,17248169.989868976,0,0.0,0.0
3831,35295338.67151956,34078544.417989925,19407314.417989925,18133037.466784883,0,0.0,0.0
3832,36443986.897179246,35087807.691538356,20416577.691538356,18832558.185705394,0,0.0,0.0
3833,36260608.18926297,34680576.19946529,20009346.19946529,18550305.89973797,0,0.0,0.0
3834,34688951.41037306,33009884.16412579,18338654.16412579,17392348.68056109,0,0.0,0.0
3835,32908040.40036397,31350610.053501293,16679380.053501293,16242305.228896204,0,0.0,0.0
3836,31527074.977252044,30197512.88685836,15526282.886858359,15443093.189643728,0,0.0,0.0
3837,30685557.961783435,29645723.57874623,14974493.57874623,15052509.577111306,0,0.0,0.0
3838,27681184.713375796,26593254.224907406,11922024.224907406,12847460.583943605,0,0.0,0.0
3839,25404138.671519563,24386116.394831814,9714886.394831814,11253063.888733562,0,0.0,0.0
3840,24757250.59144677,23649314.2036605,8978084.2036605,10400248.808403682,0,0.0,0.0
3841,24815751.77434031,23588346.922789592,8917116.922789592,10357063.74544244,0,0.0,0.0
3842,24294866.242038213,23159500.537514616,8488270.537514616,10053298.219339712,0,0.0,0.0
3843,23863982.529572334,22783963.55383125,8112733.5538312495,9787293.436889552,0,0.0,0.0
3844,23652478.252957236,22464557.742476303,7793327.742476303,9561048.147998305,0,0.0,0.0
3845,24453494.44949954,23226564.707482073,8555334.707482073,10100801.902645197,0,0.0,0.0
3846,26088152.50227479,24619828.019212455,9948598.019212455,11087694.59294043,0,0.0,0.0
3847,27725060.60054595,26525990.5253049,11854760.525304899,12437890.085737191,0,0.0,0.0
3848,30205735.759781614,29065032.56105449,14393802.56105449,14221379.112898257,0,0.0,0.0
3849,32438905.9144677,31196114.71558228,16524884.715582281,15671927.616576202,0,0.0,0.0
3850,33607804.549590535,32305848.851612326,17634618.851612326,16427282.442798488,0,0.0,0.0
3851,34537635.85077343,33301939.26996977,18630709.26996977,17105284.2095565,0,0.0,0.0
3852,34321631.483166516,32765927.235033963,18094697.235033963,16740440.717447296,0,0.0,0.0
3853,34135440.21838034,32445848.854129918,17774618.854129918,16522575.246848918,0,0.0,0.0
3854,33444113.739763416,31784336.299486775,17113106.299486775,16072308.210328015,0,0.0,0.0
3855,34969082.07461329,32923416.413504962,18252186.413504962,16847637.75426318,0,0.0,0.0
3856,35962477.1610555,33553134.48322183,18881904.48322183,17276263.465302065,0,0.0,0.0
3857,35927038.94449499,33164975.97973555,18493745.97973555,17012058.382815864,0,0.0,0.0
3858,35043333.57597815,31971705.845100112,17300475.845100112,16199843.703714231,0,0.0,0.0
3859,33294485.714285713,30330078.862853765,15658848.862853765,15082449.164214447,0,0.0,0.0
3860,31887644.76797089,29103771.424362548,14432541.424362548,14327948.190456985,0,0.0,0.0
3861,30982001.455868974,28248034.125156067,13576804.125156067,13657668.304796234,0,0.0,0.0
3862,27231738.125568703,24545873.949639667,9874643.949639667,11035310.5747405,0,0.0,0.0
3863,25916024.02183802,23738870.196999565,9067640.196999565,10463684.165133694,0,0.0,0.0
3864,25518890.991810735,23211897.388680775,8540667.388680775,10176965.262907164,0,0.0,0.0
3865,25183634.21292084,22900679.798358135,8229449.798358135,9925929.99013621,0,0.0,0.0
3866,25087444.76797088,22945384.368792217,8274154.368792217,9961989.72577452,0,0.0,0.0
3867,24809564.149226565,22453142.04553773,7781912.045537729,9564935.736122137,0,0.0,0.0
3868,26020651.13739764,23081217.86246963,8409987.862469628,10071556.148743711,0,0.0,0.0
3869,28608203.457688805,25546997.631317157,10875767.631317157,12060510.874034306,0,0.0,0.0
3870,34249630.02729754,31236285.317923713,16565055.317923713,16649621.29288674,0,0.0,0.0
3871,36863620.3821656,34043483.35865135,19372253.358651347,18859263.063864276,0,0.0,0.0
3872,37449757.233848944,34685815.68695354,20014585.686953537,19362556.31533426,0,0.0,0.0
3873,38813847.31574158,35791642.34674506,21120412.34674506,20229016.044427697,0,0.0,0.0
3874,39780241.85623293,36712418.606994376,22041188.606994376,20950481.33190928,0,0.0,0.0
3875,40999766.51501365,38289346.495060325,23618116.495060325,22186067.84865241,0,0.0,0.0
3876,41314210.373066425,38585303.918011114,23914073.918011114,22417962.410284236,0,0.0,0.0
3877,41303522.656960875,38373665.70318206,23702435.703182057,22252135.344475217,0,0.0,0.0
3878,41284397.27024567,38161401.91364823,23490171.913648233,22085818.115687754,0,0.0,0.0
3879,42244604.185623296,38597513.019479826,23926283.019479826,22427528.73305045,0,0.0,0.0
3880,42272729.75432211,38053167.192600965,23381937.192600965,22001011.852204468,0,0.0,0.0
3881,41182020.20018198,36550056.921493776,21878826.921493776,21316354.712529987,0,0.0,0.0
3882,39387046.40582348,34531693.87592118,19860463.875921182,19860463.875921182,0,0.0,0.0
3883,37371005.64149226,32276246.759647444,17605016.759647444,17605016.759647444,0,0.0,0.0
3884,35371277.70700636,30165042.454801112,15493812.454801112,15785532.138834925,0,0.0,0.0
3885,32852914.285714287,27670423.60716942,12999193.60716942,13773315.148704024,0,0.0,0.0
3886,28578390.354868058,24502683.656141974,9831453.656141974,11218143.18092014,0,0.0,0.0
3887,26673726.842584167,23463508.21769618,8792278.217696179,10379920.3498241,0,0.0,0.0
3888,26368845.67788899,23351134.219608866,8679904.219608866,10404712.805664267,0,0.0,0.0
3889,26076902.274795268,22982912.558726102,8311682.558726102,10110392.663651912,0,0.0,0.0
3890,25508203.275705185,22680259.260994527,8009029.2609945275,9868481.4155322,0,0.0,0.0
3891,25286011.282984525,22490875.01936663,7819645.019366629,9717106.298823431,0,0.0,0.0
3892,26076339.763421282,23195183.450769477,8523953.450769477,10280061.115370687,0,0.0,0.0
3893,29423282.438580524,26081630.97626474,11410400.976264741,12108375.804213272,0,0.0,0.0
3894,34393070.4276615,31114845.335492957,16443615.335492957,16443615.335492957,0,0.0,0.0
3895,37675324.29481347,34565977.8279312,19894747.827931203,19302445.381851036,0,0.0,0.0
3896,38678282.07461328,35397778.33862752,20726548.338627517,19946279.03871313,0,0.0,0.0
3897,39490548.49863512,36646503.461755715,21975273.461755715,20912822.401094764,0,0.0,0.0
3898,40166124.6587807,37098412.14930576,22427182.14930576,21262610.624510903,0,0.0,0.0
3899,40728636.03275705,37482500.63168947,22811270.631689467,21559904.373422757,0,0.0,0.0
3900,40483381.07370337,37351954.850838415,22680724.850838415,21458858.79050662,0,0.0,0.0
3901,40266814.19472248,37060832.72956827,22389602.729568273,21233523.24728378,0,0.0,0.0
3902,40510944.131028205,37211272.229933456,22540042.229933456,21349967.0489058,0,0.0,0.0
3903,41199458.05277525,38041250.3590178,23370020.359017797,21992390.13844753,0,0.0,0.0
3904,41521777.07006369,38193208.35053066,23521978.35053066,22110009.28884123,0,0.0,0.0
3905,40840013.28480435,37007187.3771204,22335957.377120398,21192000.450656403,0,0.0,0.0
3906,39873056.23293902,35981526.06189804,21310296.061898038,20398113.85550538,0,0.0,0.0
3907,38224335.39581438,34176992.04927638,19505762.04927638,19001361.007511068,0,0.0,0.0
3908,35894975.79617834,31962136.51121413,17290906.51121413,17288551.056978814,0,0.0,0.0
3909,33364799.636032753,29562025.902652957,14890795.902652957,15369088.116433593,0,0.0,0.0
3910,29138651.68334849,25708148.621208034,11036918.621208034,12288678.055673534,0,0.0,0.0
3911,26684414.55868972,24035123.81602301,9363893.81602301,10951426.746036388,0,0.0,0.0
3912,26021776.16014558,23797701.722544786,9126471.722544786,10044962.569840664,0,0.0,0.0
3913,25594267.515923567,23787807.153924022,9116577.153924022,10036751.349905357,0,0.0,0.0
3914,25172946.496815283,23696876.98681262,9025646.986812621,9961291.000947889,0,0.0,0.0
3915,24879878.070973612,23613429.56772414,8942199.567724138,9892040.370886879,0,0.0,0.0
3916,25476140.127388537,24333044.718113847,9661814.718113847,10489228.433864512,0,0.0,0.0
3917,29320905.368516833,28112337.719068453,13441107.719068453,13625555.76861105,0,0.0,0.0
3918,34883017.8343949,33673099.4414033,19001869.4414033,18191055.307715017,0,0.0,0.0
3919,37213502.45677889,35755978.1568901,21084748.1568901,19896656.302907787,0,0.0,0.0
3920,37679261.8744313,35926380.97445435,21255150.97445435,20036193.575558513,0,0.0,0.0
3921,38677719.563239306,36559511.63813532,21888281.63813532,20554643.48914788,0,0.0,0.0
3922,39501236.21474068,37064761.68738821,22393531.68738821,20968376.16614897,0,0.0,0.0
3923,40316315.19563238,37468299.23609513,22797069.23609513,21298819.815870225,0,0.0,0.0
3924,39805554.86806187,36471951.50392343,21800721.50392343,21218820.501291435,0,0.0,0.0
3925,39626676.251137406,35925398.33198796,21254168.331987962,21254168.331987962,0,0.0,0.0
3926,39687989.990900815,35544110.79263709,20872880.792637087,20872880.792637087,0,0.0,0.0
3927,40097498.271155596,34954092.27615601,20282862.27615601,20282862.27615601,0,0.0,0.0
3928,40165562.147406735,33651794.197211295,18980564.197211295,18980564.197211295,0,0.0,0.0
3929,38620905.91446769,30435676.109700523,15764446.109700523,15764446.109700523,0,0.0,0.0
3930,36681366.69699728,27234576.949551765,12563346.949551765,12897127.172546132,0,0.0,0.0
3931,34677701.18289354,24767708.428723734,10096478.428723734,10849943.434438372,0,0.0,0.0
3932,32640847.497725196,22161149.70690066,7489919.70690066,8686834.787712436,0,0.0,0.0
3933,29697787.98908098,18544638.392145395,3873408.3921453953,5685595.325722564,0,0.0,0.0
3934,26054964.331210185,14667805.292998318,0.0,2471164.3155167564,0,0.0,0.0
3935,24209364.513193812,12970325.559380945,0.0,2471164.3155167564,0,0.0,0.0
3936,23993360.14558689,12432250.113833133,0.0,1809049.6391987172,0,0.0,0.0
3937,23779605.82347589,12207551.21799732,0.0,1809049.6391987172,0,0.0,0.0
3938,23412285.89626933,11753280.047871167,0.0,1117912.3474710528,0,0.0,0.0
3939,23800418.74431301,11536041.070814202,0.0,0.0,0,0.0,0.0
3940,23595102.092811644,11078634.988080442,0.0,0.0,0,0.0,0.0
3941,26358720.473157413,13920631.054455714,0.0,0.0,0,0.0,0.0
3942,31169317.7434031,18415032.643465668,3743802.643465668,3743802.643465668,0,0.0,0.0
3943,33530177.97998181,20362635.323859684,5691405.323859684,5691405.323859684,0,0.0,0.0
3944,34558448.77161056,20774917.291069254,6103687.291069254,6103687.291069254,0,0.0,0.0
3945,35039958.5077343,21625248.621616013,6954018.621616013,6954018.621616013,0,0.0,0.0
3946,35444966.69699726,21917669.91376442,7246439.913764421,7237087.543013598,0,0.0,0.0
3947,35646908.280254774,21903554.15997356,7232324.159973562,7224622.121696192,0,0.0,0.0
3948,36365797.816196546,22597327.471617885,7926097.471617885,7749928.32557628,0,0.0,0.0
3949,36706117.19745223,23257034.28014882,8585804.28014882,8225156.655354485,0,0.0,0.0
3950,36475487.53412193,23880002.736308247,9208772.736308247,8673920.0379614,0,0.0,0.0
3951,39104103.18471337,27685495.31978187,13014265.31978187,11415255.826892745,0,0.0,0.0
3952,39380296.26933576,28526317.313714705,13855087.313714705,12020952.822361518,0,0.0,0.0
3953,38892598.90809826,29396657.899249807,14725427.899249807,12647913.916977294,0,0.0,0.0
3954,37780513.921747044,29048897.667268552,14377667.667268552,12397400.337201225,0,0.0,0.0
3955,35617095.17743403,27840816.03652265,13169586.03652265,11527143.11355126,0,0.0,0.0
3956,33574616.37852593,27662655.314485803,12991425.314485803,11398802.73374801,0,0.0,0.0
3957,32212776.3421292,27219520.318889536,12548290.318889536,11079584.709770903,0,0.0,0.0
3958,28854583.439490452,23682158.212991323,9010928.212991323,8531400.177387217,0,0.0,0.0
3959,26752478.434940852,21898413.61330146,7227183.61330146,7243162.692889288,0,0.0,0.0
3960,25632518.28935396,20870506.105931878,6199276.105931878,7976894.588367795,0,0.0,0.0
3961,25131883.166515015,19782745.034155212,5111515.034155212,7103332.822343243,0,0.0,0.0
3962,24763438.21656051,18838047.020902768,4166817.020902768,6344662.479904167,0,0.0,0.0
3963,24604247.4977252,18492733.71232526,3821503.71232526,6067347.441244022,0,0.0,0.0
3964,25055944.131028205,19250308.85103607,4579078.851036072,6675742.697554859,0,0.0,0.0
3965,28323572.70245678,23205033.920305878,8533803.920305878,9851712.775257923,0,0.0,0.0
3966,33321486.26023658,28663068.873853777,13991838.873853777,14234964.554306673,0,0.0,0.0
3967,36011978.16196542,33261470.835498754,18590240.835498754,17841301.83850394,0,0.0,0.0
3968,37030686.26023656,32914503.26692499,18243273.26692499,17571587.020811267,0,0.0,0.0
3969,38334025.11373975,34065652.415955454,19394422.415955454,18466431.41259143,0,0.0,0.0
3970,38809909.736123756,34542857.85638329,19871627.856383286,18837386.48166608,0,0.0,0.0
3971,39447235.12283895,35300427.109289795,20629197.109289795,19426282.01958958,0,0.0,0.0
3972,39389296.451319374,35541031.040675126,20869801.040675126,19613315.193198536,0,0.0,0.0
3973,38937599.81801637,35053105.63243855,20381875.632438548,19234026.970177844,0,0.0,0.0
3974,38840285.35031846,35167228.19087178,20495998.190871783,19322740.00226026,0,0.0,0.0
3975,39123228.57142856,35635253.9443758,20964023.944375798,19686559.252862565,0,0.0,0.0
3976,39588987.98908098,35768070.684990324,21096840.684990324,19789804.184740882,0,0.0,0.0
3977,38812722.29299362,35162231.801126294,20491001.801126294,19379237.522141073,0,0.0,0.0
3978,37050374.15832575,33654752.53730288,18983522.53730288,18964611.32045904,0,0.0,0.0
3979,35107459.87261148,32153617.431678563,17482387.431678563,17482387.431678563,0,0.0,0.0
3980,33655055.50500455,31217348.701871816,16546118.701871816,16546118.701871816,0,0.0,0.0
3981,32315715.923566878,29848559.215141244,15177329.215141244,15177329.215141244,0,0.0,0.0
3982,28814082.620564148,26032208.629813805,11360978.629813805,12122167.010271003,0,0.0,0.0
3983,26760353.59417652,24047897.802061744,9376667.802061744,10528601.919546168,0,0.0,0.0
3984,26098277.70700637,23550664.449396953,8879434.449396953,9339303.596507361,0,0.0,0.0
3985,25439014.376706097,22934624.641055644,8263394.641055644,8969070.293862041,0,0.0,0.0
3986,24897878.434940856,22218509.973048456,7547279.973048456,8538693.076320024,0,0.0,0.0
3987,24581184.531392172,21939846.917522684,7268616.917522684,8371219.575459221,0,0.0,0.0
3988,24252677.88898999,21672120.8803834,7000890.880383398,8210319.105080355,0,0.0,0.0
3989,25395138.48953595,22287382.7648713,7616152.764871299,8580084.883852126,0,0.0,0.0
3990,27362803.275705185,24083602.504905686,9412372.504905686,9659593.639009044,0,0.0,0.0
3991,30772184.713375796,26825879.653864425,12154649.653864425,11285401.968529638,0,0.0,0.0
3992,32055273.15741583,27951080.3457166,13279850.3457166,11949728.061928736,0,0.0,0.0
3993,33739432.211101,29891732.78810865,15220502.78810865,13095502.38026617,0,0.0,0.0
3994,33818183.80345769,29467262.97706507,14796032.977065071,12844892.53494848,0,0.0,0.0
3995,33690493.72156505,29091653.177610885,14420423.177610885,13111803.02038278,0,0.0,0.0
3996,32979479.34485896,28174944.728879545,13503714.728879545,13494581.168341694,0,0.0,0.0
3997,31905082.620564155,26856956.52529995,12185726.525299951,12185726.525299951,0,0.0,0.0
3998,30576993.266606003,25174789.1887804,10503559.1887804,10503559.1887804,0,0.0,0.0
3999,31972583.985441312,26144289.141936384,11473059.141936384,11473059.141936384,0,0.0,0.0
4000,33122919.745222926,26643441.62347621,11972211.623476211,11972211.623476211,0,0.0,0.0
4001,33160045.495905366,25625339.183588393,10954109.183588393,10954109.183588393,0,0.0,0.0
4002,32103086.624203824,23364159.41163912,8692929.41163912,9227216.073665302,0,0.0,0.0
4003,30644494.631483167,21848449.578979373,7177219.578979373,8316290.757477482,0,0.0,0.0
4004,30011106.8243858,21965439.634809498,7294209.634809498,8386600.5234376835,0,0.0,0.0
4005,29476721.019108277,21865980.887336735,7194750.887336735,8326826.885346096,0,0.0,0.0
4006,26707477.525022745,20266636.482014477,5595406.482014477,7365638.090024447,0,0.0,0.0
4007,24522120.837124657,18621925.108682826,3950695.108682826,6377184.2346049035,0,0.0,0.0
4008,23302596.17834394,16892621.7083299,2221391.708329901,3665094.7765494813,0,0.0,0.0
4009,23043840.946314834,16436057.586726991,1764827.5867269915,3315463.301543714,0,0.0,0.0
4010,22665270.791628752,16227634.243614312,1556404.2436143123,3155855.1382428375,0,0.0,0.0
4011,22359827.1155596,16531165.183452733,1859935.1834527329,2946287.544693963,0,0.0,0.0
4012,22074633.848953594,16519182.098263137,1847952.098263137,1847952.098263137,0,0.0,0.0
4013,22907150.682438586,17644098.688261516,2972868.6882615164,2972868.6882615164,0,0.0,0.0
4014,24481057.506824385,19477102.446132544,4805872.446132544,4805872.446132544,0,0.0,0.0
4015,26835167.60691537,22120286.583805718,7449056.5838057175,7449056.5838057175,0,0.0,0.0
4016,29612848.77161056,24863429.24105229,10192199.241052289,9726318.964046573,0,0.0,0.0
4017,31799892.993630566,27201176.27403665,12529946.27403665,11461418.106741268,0,0.0,0.0
4018,33401362.87534122,29071132.57077335,14399902.570773348,12849318.303625448,0,0.0,0.0
4019,34040938.30755232,30165809.67108535,15494579.67108535,13661798.555543082,0,0.0,0.0
4020,33313048.58962694,29250085.963026606,14578855.963026606,12982139.294562401,0,0.0,0.0
4021,32620034.57688808,28269974.596860375,13598744.596860375,12254690.872134345,0,0.0,0.0
4022,32228526.660600543,27924799.61439261,13253569.614392608,11998498.560601432,0,0.0,0.0
4023,33297860.78252957,28612010.48030026,13940780.480300259,12508553.31308877,0,0.0,0.0
4024,33493052.229299355,27089260.37374137,12418030.37374137,11378353.010340162,0,0.0,0.0
4025,33626929.936305724,26734500.517003227,12063270.517003227,11115046.709613921,0,0.0,0.0
4026,33230921.929026388,26368422.4514106,11697192.451410599,10843339.921493987,0,0.0,0.0
4027,32172275.523202904,24557797.1060171,9886567.106017102,9499475.747908458,0,0.0,0.0
4028,30881311.919927202,22865629.61971727,8194399.61971727,8238275.721486767,0,0.0,0.0
4029,29035993.357597817,21519061.592912097,6847831.5929120965,7207968.43730293,0,0.0,0.0
4030,25508203.275705185,17893162.068481423,3221932.068481423,4431296.905386115,0,0.0,0.0
4031,24088424.567788903,16340260.692945153,1669030.6929451525,3242103.158490149,0,0.0,0.0
4032,23524788.1710646,15695418.067153601,1024188.067153601,2774874.531295726,0,0.0,0.0
4033,23220469.5177434,15503502.675680105,832272.6756801046,2620273.388440539,0,0.0,0.0
4034,23084341.765241127,15859956.43851678,1188726.4385167807,2907421.5878969254,0,0.0,0.0
4035,22961714.285714284,15941351.230620127,1270121.2306201272,2972990.731596248,0,0.0,0.0
4036,23818419.108280253,16503131.073749766,1831901.0737497658,3425543.3127832725,0,0.0,0.0
4037,27106298.089171976,20318394.244947296,5647164.244947296,6499002.10121973,0,0.0,0.0
4038,32610471.883530483,25790011.79059607,11118781.790596072,10879472.13480475,0,0.0,0.0
4039,35125460.2365787,27503137.193660963,12831907.193660963,12216650.624449555,0,0.0,0.0
4040,35756597.998180166,27395805.100485653,12724575.100485653,12132872.655839778,0,0.0,0.0
4041,36183544.13102821,27935305.475193653,13264075.475193653,12553979.187167961,0,0.0,0.0
4042,37048686.62420382,28805072.84119371,14133842.84119371,13232875.320941675,0,0.0,0.0
4043,38596155.41401273,30921493.51066763,16250263.51066763,14884845.567367926,0,0.0,0.0
4044,38685032.211101,31312019.790974222,16640789.790974222,15189670.503553405,0,0.0,0.0
4045,38827910.10009099,31144265.247826815,16473035.247826815,15058729.84606529,0,0.0,0.0
4046,39253168.698817104,31587904.72372656,16916674.72372656,15405012.239210073,0,0.0,0.0
4047,39885993.99454049,32093722.773954876,17422492.773954876,15799828.062517162,0,0.0,0.0
4048,40043497.17925386,31989948.358287,17318718.358287,15718827.035879966,0,0.0,0.0
4049,39205355.232029125,30096460.01949615,15425230.01949615,14855441.477090942,0,0.0,0.0
4050,36974997.63421292,26693368.471076593,12022138.471076593,12022138.471076593,0,0.0,0.0
4051,34455509.19017288,24289417.31255582,9618187.31255582,9697936.276550671,0,0.0,0.0
4052,33097044.222020015,23224883.555480838,8553653.555480838,8840380.589181824,0,0.0,0.0
4053,30671495.177434035,20963614.723314803,6292384.723314803,7018771.894477619,0,0.0,0.0
4054,26763166.15104641,17167967.017691296,2496737.0176912956,3961114.7224310595,0,0.0,0.0
4055,24765125.750682436,15381536.401419375,710306.4014193751,2522021.1052561454,0,0.0,0.0
4056,25058756.687898092,15814639.193023888,1143409.1930238884,3040464.1187748765,0,0.0,0.0
4057,24633498.089171972,15648710.220713334,977480.2207133342,2897699.4710069285,0,0.0,0.0
4058,24283053.50318471,15276027.228051586,604797.2280515861,2577044.4616039963,0,0.0,0.0
4059,23750355.232029118,16093015.894816324,1421785.894816324,3279978.3592645847,0,0.0,0.0
4060,24259990.536851678,18271373.679983284,3600143.6799832843,5154228.995433615,0,0.0,0.0
4061,28803394.904458594,23867163.746245883,9195933.746245883,9399866.479315063,0,0.0,0.0
4062,34989894.99545041,30539858.56835097,15868628.56835097,15686715.713791661,0,0.0,0.0
4063,37920016.74249316,33946456.4739336,19275226.4739336,18548082.552184377,0,0.0,0.0
4064,39005663.69426751,35296833.34041058,20625603.340410583,19682329.59047961,0,0.0,0.0
4065,39903994.35850774,36803710.823782206,22132480.823782206,20948029.088907167,0,0.0,0.0
4066,37773763.785259336,34993379.785631604,20322149.785631604,19427444.228983328,0,0.0,0.0
4067,40244876.2511374,37193605.26255516,22522375.26255516,21275520.342204303,0,0.0,0.0
4068,40529507.006369434,37361152.1937218,22689922.1937218,21416251.137561478,0,0.0,0.0
4069,40211125.56869881,37177615.618439205,22506385.618439205,21262089.864437576,0,0.0,0.0
4070,40056997.4522293,36888640.633757144,22217410.633757144,21019365.75633569,0,0.0,0.0
4071,40571132.84804367,36889251.99812961,22218021.998129614,21019879.270930033,0,0.0,0.0
4072,41122956.50591446,37314605.346219845,22643375.346219845,21377154.182310138,0,0.0,0.0
4073,40550319.927206546,36711923.07428315,22040693.074283153,20870932.10538677,0,0.0,0.0
4074,39255418.74431301,34997279.880921595,20326049.880921595,19430720.108214945,0,0.0,0.0
4075,37121250.59144677,31595553.75803034,16924323.75803034,16573445.316439806,0,0.0,0.0
4076,34980332.30209282,28072713.884460248,13401483.884460248,13587264.302414669,0,0.0,0.0
4077,32444531.02820747,24695053.034675546,10023823.034675546,10681137.935305063,0,0.0,0.0
4078,28316260.05459508,20277116.848326422,5605886.848326422,6879962.681082817,0,0.0,0.0
4079,26054401.81983622,17662403.295476682,2991173.2954766825,4630273.225476332,0,0.0,0.0
4080,25390638.39854413,16486982.381143313,1815752.381143313,3740293.3555998923,0,0.0,0.0
4081,24542933.757961784,16004518.153340606,1333288.153340606,3355743.3869192176,0,0.0,0.0
4082,24270678.25295723,15449005.343679389,777775.343679389,2912969.7650699117,0,0.0,0.0
4083,23923608.735213835,18723024.670968994,4051794.6709689945,5522539.464160609,0,0.0,0.0
4084,24578371.974522293,15650580.175060797,979350.1750607975,3073635.7598267924,0,0.0,0.0
4085,28107568.33484986,19071311.521275617,4400081.521275617,4771276.932552266,0,0.0,0.0
4086,33333298.999090083,23680738.08518364,9009508.08518364,9009508.08518364,0,0.0,0.0
4087,35714972.15650592,25883417.636047512,11212187.636047512,11212187.636047512,0,0.0,0.0
4088,37241065.51410373,31550863.93783527,16879633.93783527,15585717.189076053,0,0.0,0.0
4089,37959955.0500455,28257149.481486235,13585919.481486235,13055585.946049757,0,0.0,0.0
4090,38533154.14012739,28850176.01138834,14178946.01138834,13511130.88509465,0,0.0,0.0
4091,39668864.604185626,29765066.705159623,15093836.705159623,14213922.082978446,0,0.0,0.0
4092,39845493.17561419,30551543.784656566,15880313.784656566,14818069.849013094,0,0.0,0.0
4093,40063185.07734304,30696692.928863928,16025462.928863928,14929569.005823629,0,0.0,0.0
4094,40043497.17925386,30540706.911177143,15869476.911177143,14809745.292488722,0,0.0,0.0
4095,40739323.74886261,31390216.636193737,16718986.636193737,15462312.819214059,0,0.0,0.0
4096,40627946.49681528,31899324.597239025,17228094.597239025,15853394.06665829,0,0.0,0.0
4097,39873618.744313,32809376.508937158,18138146.508937158,16552468.259360328,0,0.0,0.0
4098,38080332.48407643,31578826.50317957,16907596.50317957,15607197.181088228,0,0.0,0.0
4099,36040103.730664246,30271724.536969595,15600494.536969595,14603121.21568266,0,0.0,0.0
4100,34230504.64058235,28630061.525742356,13958831.525742356,13342045.633608429,0,0.0,0.0
4101,31670515.37761602,26199150.909025498,11527920.909025498,11474694.051717734,0,0.0,0.0
4102,27242988.353048224,22253153.789383195,7581923.789383195,8336242.457452859,0,0.0,0.0
4103,24722937.39763421,19515349.94082766,4844119.94082766,6154065.368364331,0,0.0,0.0
4104,24596934.84986351,18745734.068803065,4074504.0688030645,5371124.910136197,0,0.0,0.0
4105,24347179.799818005,16715466.592566479,2044236.592566479,3792341.834657025,0,0.0,0.0
4106,24157613.466787994,14954264.279144758,283034.27914475836,2422790.0699411896,0,0.0,0.0
4107,24059736.4877161,13988805.105766535,0.0,2202696.0503480183,0,0.0,0.0
4108,24864690.263876244,14244698.068095887,0.0,2202696.0503480183,0,0.0,0.0
4109,27588932.84804368,16721893.851707563,2050663.8517075628,3797339.8204261074,0,0.0,0.0
4110,32089586.351228382,20966250.460291762,6295020.460291762,6668893.921050684,0,0.0,0.0
4111,34339631.84713375,27562946.190240607,12891716.190240607,12167510.775946198,0,0.0,0.0
4112,35332464.422202006,26530123.839590482,11858893.839590482,11385129.286362668,0,0.0,0.0
4113,36628490.62784349,24693685.850378655,10022455.850378655,9993994.510258228,0,0.0,0.0
4114,37773201.273885354,26617300.116843276,11946070.116843276,11451166.882867478,0,0.0,0.0
4115,39138978.889899895,28573335.454633616,13902105.454633616,12932898.799585884,0,0.0,0.0
4116,39264981.43767061,29147665.053834133,14476435.053834133,13367963.791209629,0,0.0,0.0
4117,38703595.08644223,28471100.099311084,13799870.099311084,12855453.680844033,0,0.0,0.0
4118,38781784.167424925,28808050.279689852,14136820.279689852,13110699.497197874,0,0.0,0.0
4119,39874181.25568698,30389699.387352496,15718469.387352496,14308827.117182678,0,0.0,0.0
4120,40351753.41219289,31441813.71410121,16770583.71410121,15105822.625321787,0,0.0,0.0
4121,39766179.07188353,31662681.828310326,16991451.828310326,15273134.190653091,0,0.0,0.0
4122,38347525.38671519,30628266.343208298,15957036.343208298,14489545.873094939,0,0.0,0.0
4123,35893850.773430385,28362961.29335075,13691731.293350749,12773536.592163896,0,0.0,0.0
4124,33913248.22565969,27191846.906139016,12520616.906139016,11886396.39989108,0,0.0,0.0
4125,31821830.93721565,25370230.107771095,10699000.107771095,10506488.942175476,0,0.0,0.0
4126,28149756.687898085,21812416.81943165,7141186.819431651,7755848.539522725,0,0.0,0.0
4127,26220905.18653322,20250163.921124443,5578933.921124443,6541004.454034217,0,0.0,0.0
4128,25153258.59872611,19029569.54952703,4358339.54952703,6235813.804713576,0,0.0,0.0
4129,24416368.698817104,17818558.995017525,3147328.995017525,5254065.5699677635,0,0.0,0.0
4130,24219489.71792539,17519539.405793007,2848309.4057930075,5011654.838878399,0,0.0,0.0
4131,24231302.456778888,17100615.792956084,2429385.792956084,4672039.700212194,0,0.0,0.0
4132,24962567.24294813,17655021.065971266,2983791.0659712665,5121487.80459876,0,0.0,0.0
4133,28211632.939035486,21050260.915333994,6379030.915333994,7873958.223818647,0,0.0,0.0
4134,33593179.25386715,27067026.739065055,12395796.739065055,12570917.768473724,0,0.0,0.0
4135,36163856.232939035,29779877.6610231,15108647.661023099,14928824.926299155,0,0.0,0.0
4136,37005935.75978162,30717295.81801521,16046065.81801521,15663964.832094068,0,0.0,0.0
4137,38043769.24476796,32637340.19793938,17966110.19793938,17169697.608925033,0,0.0,0.0
4138,39279044.222020015,34229145.0281137,19557915.0281137,18418019.122829836,0,0.0,0.0
4139,40296627.29754322,35211615.81090858,20540385.81090858,19188490.094959877,0,0.0,0.0
4140,40361316.1055505,35394177.58827751,20722947.58827751,19331658.271099534,0,0.0,0.0
4141,39809492.4476797,36692856.65229806,22021626.652298063,20350105.372492637,0,0.0,0.0
4142,39437109.91810737,34112897.14823689,19441667.148236893,18326855.47849025,0,0.0,0.0
4143,40125061.32848043,35011088.08418603,20339858.084186032,19031232.70343987,0,0.0,0.0
4144,40339940.673339404,35346190.77930192,20674960.77930192,19294026.16640156,0,0.0,0.0
4145,39262731.392174706,34583523.00779957,19912293.007799573,18695928.605016515,0,0.0,0.0
4146,37531321.38307553,33167272.315149244,18496042.315149244,17585279.752088737,0,0.0,0.0
4147,35034333.39399453,31260944.403456,16589714.403455999,16090303.672349585,0,0.0,0.0
4148,33297860.78252957,30038529.72112782,15367299.72112782,15131664.448534524,0,0.0,0.0
4149,32285902.820746124,29851160.634961285,15179930.634961285,14984726.295773212,0,0.0,0.0
4150,28730830.937215645,26557631.94709564,11886401.94709564,12338701.960682388,0,0.0,0.0
4151,26431284.440400362,24068456.8118203,9397226.811820298,10320764.721465254,0,0.0,0.0
4152,25304011.646951765,22559976.478895187,7888746.478895187,9519198.34688871,0,0.0,0.0
4153,24875377.9799818,22262382.237991937,7591152.2379919365,9312166.44161654,0,0.0,0.0
4154,24425368.880800728,21814299.59079409,7143069.59079409,9000441.981199546,0,0.0,0.0
4155,23830231.847133756,21493651.00234372,6822421.002343722,8777371.507832106,0,0.0,0.0
4156,23749230.20928116,21430870.729417387,6759640.729417387,8733696.201892057,0,0.0,0.0
4157,25034006.18744313,22502692.608336754,7831462.608336754,9479346.806660376,0,0.0,0.0
4158,27072547.40673339,24516981.240371495,9845751.240371495,10880657.571252111,0,0.0,0.0
4159,30174235.122838933,27480661.011952072,12809431.011952072,12942445.688739246,0,0.0,0.0
4160,32279715.195632383,29030971.929737255,14359741.929737255,13983940.451206693,0,0.0,0.0
4161,33625804.91355778,30304585.242512584,15633355.242512584,14827685.404136112,0,0.0,0.0
4162,34326694.08553231,31062447.50605669,16391217.506056689,15329754.951829195,0,0.0,0.0
4163,34794703.5486806,31493144.603514202,16821914.603514202,15615083.707877804,0,0.0,0.0
4164,34494884.98635124,31301219.089298077,16629989.089298077,15487936.651283862,0,0.0,0.0
4165,34002687.53412192,30888992.99135893,16217762.991358928,15214844.586280221,0,0.0,0.0
4166,34207441.67424932,31302267.176672272,16631037.176672272,15488630.98952871,0,0.0,0.0
4167,34683888.80800728,31787057.436987326,17115827.436987326,15809795.452295544,0,0.0,0.0
4168,35393778.161965415,32432202.060531396,17760972.060531396,16237191.675752643,0,0.0,0.0
4169,35205336.85168334,32172260.78058046,17501030.78058046,16064985.448935887,0,0.0,0.0
4170,33981312.10191083,32067405.047046434,17396175.047046434,15995520.490406001,0,0.0,0.0
4171,32466468.971792534,29760792.29903915,15089562.299039152,14467432.769453358,0,0.0,0.0
4172,31414010.191082805,29033987.804320294,14362757.804320294,14059053.819459317,0,0.0,0.0
4173,30625931.756141946,28773337.217119887,14102107.217119887,14102107.217119887,0,0.0,0.0
4174,27501743.58507734,25953256.928650297,11282026.928650297,11879853.292708067,0,0.0,0.0
4175,25212884.804367602,23898197.167664804,9226967.167664804,10450178.657628942,0,0.0,0.0
4176,24950754.504094634,23842607.172603056,9171377.172603056,10526720.84793526,0,0.0,0.0
4177,24209364.513193812,23206557.18641103,8535327.18641103,10059814.979581406,0,0.0,0.0
4178,23816169.06278435,22861666.018424578,8190436.018424578,9806640.364736486,0,0.0,0.0
4179,23167030.93721565,22552805.98857909,7881575.988579091,9579915.164570747,0,0.0,0.0
4180,22744584.895359416,21778443.15919633,7107213.159196328,9011477.844984457,0,0.0,0.0
4181,23716604.549590543,22708787.73528362,8037557.735283621,9694416.846000612,0,0.0,0.0
4182,24936129.20837124,23901954.41039122,9230724.410391219,10570285.93589285,0,0.0,0.0
4183,27055672.0655141,25960771.65995705,11289541.659957051,12081604.03440499,0,0.0,0.0
4184,29528472.06551411,28222364.79241338,13551134.79241338,13617661.751130594,0,0.0,0.0
4185,32014772.338489536,30589808.84849045,15918578.84849045,15439275.21158943,0,0.0,0.0
4186,33422738.30755232,32124573.291367166,17453343.291367166,16528411.6794485,0,0.0,0.0
4187,34640012.92083712,33453296.35059143,18782066.35059143,17471332.10362373,0,0.0,0.0
4188,34447071.519563235,33205625.664872147,18534395.664872147,17295574.07307481,0,0.0,0.0
4189,34061751.22838944,32825720.38957788,18154490.38957788,17025976.55172524,0,0.0,0.0
4190,34094939.39945404,32868752.816226393,18197522.816226393,17056514.257612877,0,0.0,0.0
4191,34936456.414922655,33638037.06202375,18966807.06202375,17602432.251827613,0,0.0,0.0
4192,35799911.37397634,34391428.30125442,19720198.30125442,18137071.868362922,0,0.0,0.0
4193,35891600.727934495,34404869.69484701,19733639.69484701,18146610.473461904,0,0.0,0.0
4194,35171586.16924477,33586161.43339476,18914931.43339476,17565619.02019771,0,0.0,0.0
4195,33431175.97816196,31945604.469183184,17274374.469183184,16401407.518155182,0,0.0,0.0
4196,31959646.223839853,30631433.042795163,15960203.042795163,15468813.573761506,0,0.0,0.0
4197,31165942.675159235,29983212.277108468,15311982.277108468,15008807.558890855,0,0.0,0.0
4198,27534931.756141953,26397675.06097326,11726445.06097326,12402322.163902177,0,0.0,0.0
4199,25943587.079162877,25177917.497966785,10506687.497966785,11506933.473547325,0,0.0,0.0
4200,25550954.14012739,24340095.714121856,9668865.714121856,11527991.433970911,0,0.0,0.0
4201,25226385.077343043,23987841.606413443,9316611.606413443,11239072.708117625,0,0.0,0.0
4202,24955817.106460415,23681046.04009183,9009816.040091831,10987439.065870794,0,0.0,0.0
4203,24526058.41674249,23274043.84684565,8602813.84684565,10653615.974758629,0,0.0,0.0
4204,25517765.96906278,24240367.41270156,9569137.412701558,11446194.30755751,0,0.0,0.0
4205,29055962.51137397,27770122.43950715,13098892.43950715,14341298.445741396,0,0.0,0.0
4206,34146127.9344859,32858224.232900694,18186994.232900694,18514558.189176224,0,0.0,0.0
4207,36652678.61692448,35500262.72926234,20829032.729262337,20661004.698307067,0,0.0,0.0
4208,37990893.1756142,36936468.74704957,22265238.74704957,21803033.659070607,0,0.0,0.0
4209,39285794.35850772,38196638.245784365,23525408.245784365,22805083.53576122,0,0.0,0.0
4210,40656072.065514095,39553215.27007156,24881985.27007156,23883793.853121765,0,0.0,0.0
4211,41851408.73521384,40692954.65830896,26021724.65830896,24790081.233184014,0,0.0,0.0
4212,42241229.11737944,41050947.67316423,26379717.673164234,25074746.793453474,0,0.0,0.0
4213,42367794.17652412,41160103.59929421,26488873.599294208,25161544.38887886,0,0.0,0.0
4214,42751989.44494994,41537397.06251778,26866167.062517777,25461557.100406107,0,0.0,0.0
4215,43618819.47224748,42398104.4024013,27726874.4024013,26145966.36809819,0,0.0,0.0
4216,43519254.959053665,42219239.53413989,27548009.534139886,26003738.263572898,0,0.0,0.0
4217,42430795.450409465,41144459.490567856,26473229.490567856,25149104.651814993,0,0.0,0.0
4218,40679135.031847134,39403955.06936479,24732725.069364794,23866170.02513728,0,0.0,0.0
4219,38316024.74977252,37143695.574398115,22472465.574398115,22472465.574398115,0,0.0,0.0
4220,36476612.55686987,35388397.519714974,20717167.519714974,20717167.519714974,0,0.0,0.0
4221,34463946.86078253,33341779.10503176,18670549.10503176,18911169.767235946,0,0.0,0.0
4222,30171422.565969065,29158626.38578751,14487396.38578751,15480149.014756344,0,0.0,0.0
4223,28369136.123748858,27537256.431104746,12866026.431104746,14150301.807320772,0,0.0,0.0
4224,27551244.585987255,26818155.8380229,12146925.838022899,13745955.692231925,0,0.0,0.0
4225,26840230.20928116,26146828.382184524,11475598.382184524,13201623.840809848,0,0.0,0.0
4226,26565724.6587807,25889382.1235894,11218152.1235894,12992878.917056115,0,0.0,0.0
4227,26496535.75978162,25714425.40157709,11043195.401577089,12851018.91180314,0,0.0,0.0
4228,27192362.32939036,26247068.086333882,11575838.086333882,13282901.112089448,0,0.0,0.0
4229,30221486.078252956,29329018.33689981,14657788.33689981,15781836.127023755,0,0.0,0.0
4230,35145148.13466788,34265970.07744867,19594740.077448674,19784860.370920267,0,0.0,0.0
4231,37295066.606005445,36360997.04451572,21689767.04451572,21459504.267250814,0,0.0,0.0
4232,38498840.94631483,37718088.04508472,23046858.045084722,22529918.70388645,0,0.0,0.0
4233,39642426.56960873,39029640.3782791,24358410.378279097,23564414.21764771,0,0.0,0.0
4234,41029017.106460415,40480678.34771701,25809448.34771701,24708929.942784473,0,0.0,0.0
4235,42329543.40309372,41708088.72935961,27036858.729359612,25677057.939828046,0,0.0,0.0
4236,42634987.079162866,41881309.51077751,27210079.51077751,25813686.968446802,0,0.0,0.0
4237,42788552.68425842,41943225.85266384,27271995.852663837,25862523.889619384,0,0.0,0.0
4238,43114246.76979071,42286212.269195825,27614982.269195825,26133056.677525155,0,0.0,0.0
4239,43510254.77707006,42502074.80167523,27830844.80167523,26303319.66725672,0,0.0,0.0
4240,43533317.74340309,42483308.39401483,27812078.394014828,26288517.540004328,0,0.0,0.0
4241,42220416.196542315,41183534.22884549,26512304.228845492,25406212.39461168,0,0.0,0.0
4242,40298314.83166514,39061650.14038156,24390420.14038156,24390420.14038156,0,0.0,0.0
4243,38067394.72247496,36390377.58074398,21719147.580743983,21719147.580743983,0,0.0,0.0
4244,35963039.67242948,34347748.54468982,19676518.54468982,19851168.733691234,0,0.0,0.0
4245,33553803.457688812,32107835.7437041,17436605.7437041,18034982.20447814,0,0.0,0.0
4246,29893541.94722475,28200806.924307235,13529576.924307235,14867049.45820638,0,0.0,0.0
4247,28172257.142857146,26097528.34241143,11426298.342411429,13161649.93285854,0,0.0,0.0
4248,27541681.892629657,24963417.837518465,10292187.837518465,11935467.417276653,0,0.0,0.0
4249,27062984.713375792,24700022.486713175,10028792.486713175,11722472.868855683,0,0.0,0.0
4250,26723790.354868066,24717067.40899934,10045837.408999339,11736256.23866123,0,0.0,0.0
4251,26391346.13284804,24699344.06589935,10028114.06589935,11721924.264127322,0,0.0,0.0
4252,26960607.643312104,25380399.372830976,10709169.372830976,12272659.374318544,0,0.0,0.0
4253,29791164.877161056,28223418.01123388,13552188.011233881,14571665.295219041,0,0.0,0.0
4254,35167648.58962693,33240705.98697468,18569475.98697468,18628893.27370698,0,0.0,0.0
4255,37429506.82438579,35484070.53267242,20812840.53267242,20398540.71528829,0,0.0,0.0
4256,38119708.28025479,36034944.55940793,21363714.559407927,20831343.621009827,0,0.0,0.0
4257,38512341.21929025,36356581.53572399,21685351.53572399,21084042.80663311,0,0.0,0.0
4258,40219563.239308454,37952040.879048504,23280810.879048504,22337540.71402847,0,0.0,0.0
4259,41764219.4722475,39622365.86823088,24951135.86823088,23649858.00206884,0,0.0,0.0
4260,42281167.42493175,40344389.6037415,25673159.603741497,24217127.387740836,0,0.0,0.0
4261,42417857.68880802,40693708.97742087,26022478.977420866,24491575.687380575,0,0.0,0.0
4262,42411670.06369426,40630948.440192394,25959718.440192394,24442266.87709214,0,0.0,0.0
4263,43014119.74522293,40921180.872248664,26249950.872248664,24670292.585025717,0,0.0,0.0
4264,43163185.25932666,40702799.08598621,26031569.085986212,24498717.475175,0,0.0,0.0
4265,42130976.888080075,39361047.099879414,24689817.099879414,23444548.772057902,0,0.0,0.0
4266,40600945.95086443,37340573.65929394,22669343.659293942,22114612.13422867,0,0.0,0.0
4267,38323899.90900819,34687695.114304654,20016465.114304654,20016465.114304654,0,0.0,0.0
4268,35712722.11101,31908447.972046558,17237217.972046558,17551563.34589212,0,0.0,0.0
4269,33748432.39308462,29403236.07393249,14732006.073932491,15525724.714700432,0,0.0,0.0
4270,29689912.829845313,25536038.11804606,10864808.11804606,12398516.585360954,0,0.0,0.0
4271,28071005.0955414,24304616.57711976,9633386.57711976,11402728.033195732,0,0.0,0.0
4272,27230050.591446772,23803474.434261043,9132244.434261043,10859482.65130002,0,0.0,0.0
4273,26470097.72520472,23334426.953156326,8663196.953156326,10476626.592743069,0,0.0,0.0
4274,26333969.972702455,23541048.483872835,8869818.483872835,10645279.678091303,0,0.0,0.0
4275,25998713.193812557,23651276.586286675,8980046.586286675,10735252.43891496,0,0.0,0.0
4276,26539286.624203827,24517060.94840183,9845830.948401831,11441941.637328222,0,0.0,0.0
4277,29265779.253867157,27272877.194985673,12601647.194985673,13297775.164582388,0,0.0,0.0
4278,34758140.30937215,32755203.396933664,18083973.396933664,18083973.396933664,0,0.0,0.0
4279,37240503.00272974,35206323.66344595,20535093.66344595,20119903.406581953,0,0.0,0.0
4280,37890203.63967242,35850119.05969458,21178889.05969458,20630288.64413218,0,0.0,0.0
4281,38587155.23202911,36628586.50127787,21957356.50127787,21247438.584024195,0,0.0,0.0
4282,40308440.03639672,38267435.85864289,23596205.85864289,22546678.254642706,0,0.0,0.0
4283,42079225.84167423,40141222.095487386,25469992.095487386,24032170.134800352,0,0.0,0.0
4284,42590548.68061873,40537327.248999655,25866097.248999655,24346192.608474817,0,0.0,0.0
4285,42903305.00454959,40814630.52297437,26143400.522974372,24566031.858935047,0,0.0,0.0
4286,42827365.969062775,40790850.89207724,26119620.892077237,24547179.949407566,0,0.0,0.0
4287,43252624.56778889,40724739.543282874,26053509.543282874,24494768.489717413,0,0.0,0.0
4288,42977556.50591446,40027013.16898031,25355783.168980308,23941628.092366807,0,0.0,0.0
4289,41765907.006369434,38660634.78000681,23989404.78000681,22858396.73858059,0,0.0,0.0
4290,39867993.63057325,36560370.495339885,21889140.495339885,21193358.603648044,0,0.0,0.0
4291,37283253.86715195,33898750.1710347,19227520.1710347,19083291.135932907,0,0.0,0.0
4292,35416841.12829845,31896420.481165666,17225190.481165666,17465281.74510273,0,0.0,0.0
4293,33679243.494085535,29956832.90766898,15285602.907668982,15882109.71342263,0,0.0,0.0
4294,29520596.906278443,25856345.125964776,11185115.125964776,12535121.074731424,0,0.0,0.0
4295,27433117.197452225,23959690.132796444,9288460.132796444,10986992.400387947,0,0.0,0.0
4296,27131048.58962693,23718050.461806916,9046820.461806916,10491731.542348126,0,0.0,0.0
4297,26492035.668789815,23366864.777063593,8695634.777063593,10209883.956488915,0,0.0,0.0
4298,26076339.763421282,22862981.50047097,8191751.50047097,9805487.390136119,0,0.0,0.0
4299,25756270.79162875,22447590.541880682,7776360.541880682,9472111.219202556,0,0.0,0.0
4300,26364908.098271154,23118842.301911406,8447612.301911406,10010831.036915733,0,0.0,0.0
4301,28962585.6232939,25815956.91621821,11144726.91621821,12175427.36259897,0,0.0,0.0
4302,34073563.96724295,30868664.877493814,16197434.877493814,16230528.703013679,0,0.0,0.0
4303,36395048.4076433,33193584.09908227,18522354.09908227,18052251.659369502,0,0.0,0.0
4304,37669699.181073695,34479225.78603612,19807995.78603612,19057742.148509797,0,0.0,0.0
4305,38997226.02365788,35988055.52701457,21316825.52701457,20237786.30053199,0,0.0,0.0
4306,40147561.78343949,37033946.69310635,22362716.693106353,21055769.748682976,0,0.0,0.0
4307,41348523.56687899,38583248.16855677,23912018.168556772,22267466.533397097,0,0.0,0.0
4308,41420525.022747956,39109272.28560223,24438042.285602227,22678865.955269307,0,0.0,0.0
4309,41112831.30118289,38199216.23424769,23527986.234247692,21967118.107088022,0,0.0,0.0
4310,41030142.12920836,37332628.17512941,22661398.175129414,21289366.24178369,0,0.0,0.0
4311,41117893.903548665,37169037.68062645,22497807.680626452,21161423.372471314,0,0.0,0.0
4312,40782074.61328481,36370024.12895559,21698794.128955588,20536521.010443203,0,0.0,0.0
4313,39518674.06733394,34661254.24557035,19990024.245570347,19650855.82647352,0,0.0,0.0
4314,38091582.71155595,33005766.743264303,18334536.743264303,18334536.743264303,0,0.0,0.0
4315,35830286.98817106,30761631.084395424,16090401.084395424,16144627.661198195,0,0.0,0.0
4316,33670805.82347588,28320424.925516084,13649194.925516084,14185413.227478765,0,0.0,0.0
4317,32305590.7188353,26831196.951702043,12159966.951702043,12990218.413315827,0,0.0,0.0
4318,28713393.08462238,23095827.941626612,8424597.941626612,9992360.631747868,0,0.0,0.0
4319,26987608.18926297,21460870.698192235,6789640.698192235,8680209.333833212,0,0.0,0.0
4320,26148903.73066424,20671045.913838357,5999815.913838357,7493959.765266372,0,0.0,0.0
4321,25171258.96269336,20319351.20513147,5648121.205131471,7233267.944805831,0,0.0,0.0
4322,24851752.50227479,20652862.24248514,5981632.2424851395,7480481.216199895,0,0.0,0.0
4323,24216114.64968153,20564741.53373417,5893511.533734169,7415162.212484917,0,0.0,0.0
4324,24046798.72611465,20593228.300752666,5921998.300752666,7436277.876068234,0,0.0,0.0
4325,24959754.68607825,21827573.451814532,7156343.451814532,8351229.612732395,0,0.0,0.0
4326,26816042.220200177,23940104.80243736,9268874.802437361,9355578.656494562,0,0.0,0.0
4327,29706788.1710646,26727915.25019568,12056685.250195678,11975990.95408844,0,0.0,0.0
4328,31540012.7388535,28490455.944107156,13819225.944107156,13235596.515203068,0,0.0,0.0
4329,33413738.125568695,30486498.397930026,15815268.397930026,14662074.884605434,0,0.0,0.0
4330,34241754.86806188,31468743.68057928,16797513.68057928,15364039.738340462,0,0.0,0.0
4331,34880205.27752502,32171516.581938114,17500286.581938114,15866278.726529576,0,0.0,0.0
4332,35101834.75887169,32188386.154867765,17517156.154867765,15878334.622855391,0,0.0,0.0
4333,34892018.01637852,31443846.172815233,16772616.172815233,15346246.65172077,0,0.0,0.0
4334,34428508.64422202,30802828.638217267,16131598.638217267,14888141.34150537,0,0.0,0.0
4335,35005082.80254777,31137972.17587451,16466742.175874509,15127652.783858418,0,0.0,0.0
4336,35592344.67697907,31353312.37965806,16682082.379658058,15281546.375736507,0,0.0,0.0
4337,34928018.74431301,30508424.83060705,15837194.83060705,14677744.682545867,0,0.0,0.0
4338,33754057.506824374,28831575.689982466,14160345.689982466,13479378.8746089,0,0.0,0.0
4339,31842081.346678805,26421789.52888472,11750559.52888472,11754190.160787921,0,0.0,0.0
4340,31216006.187443126,25147924.29014486,10476694.29014486,10812421.900198491,0,0.0,0.0
4341,30696245.677888986,24063643.517258797,9392413.517258797,10008704.580670621,0,0.0,0.0
4342,27486555.777979974,21055538.67851598,6384308.678515978,7778962.969170854,0,0.0,0.0
4343,25034006.18744313,19203506.239864755,4532276.239864755,6406153.836616193,0,0.0,0.0
4344,24136800.54595086,18095341.916011445,3424111.916011445,4874637.172898405,0,0.0,0.0
4345,23930358.87170155,17414345.39917851,2743115.3991785087,4359386.176927783,0,0.0,0.0
4346,23700854.2311192,17048576.7130317,2377346.7130317017,4082640.738186804,0,0.0,0.0
4347,22957776.706096448,16437429.37876732,1766199.378767321,3620238.5600832086,0,0.0,0.0
4348,22843024.385805275,16804683.121189944,2133453.1211899444,3898107.612097194,0,0.0,0.0
4349,23665978.52593267,18008079.29622493,3336849.2962249294,4495574.116609885,0,0.0,0.0
4350,25046943.949044585,19632213.977823712,4960983.977823712,4960983.977823712,0,0.0,0.0
4351,26988170.700636942,21724020.314329162,7052790.314329162,7052790.314329162,0,0.0,0.0
4352,29838415.832575068,24970503.931865044,10299273.931865044,10053969.042787341,0,0.0,0.0
4353,31822393.44858963,27239634.982172932,12568404.982172932,11715280.779317651,0,0.0,0.0
4354,33403050.409463145,28667049.65878755,13995819.658787549,12760341.95144948,0,0.0,0.0
4355,34776703.18471338,29925010.98451704,15253780.984517042,13681340.284380527,0,0.0,0.0
4356,34980332.30209282,29648792.990581624,14977562.990581624,13479111.243839437,0,0.0,0.0
4357,34477447.13375797,28920820.98144467,14249590.981444672,12946136.983723132,0,0.0,0.0
4358,34650700.636942685,28538267.398867067,13867037.398867067,12666055.867869705,0,0.0,0.0
4359,35077084.258416735,28647765.41697429,13976535.416974291,12746223.270534111,0,0.0,0.0
4360,35581094.44949954,28783435.035115913,14112205.035115913,12845551.834602138,0,0.0,0.0
4361,35896100.81892629,28970920.426490866,14299690.426490866,12982816.573488388,0,0.0,0.0
4362,35169336.12374886,28055297.871807303,13384067.871807303,12312456.659229022,0,0.0,0.0
4363,33763620.20018199,26735877.98772908,12064647.98772908,11346462.324731153,0,0.0,0.0
4364,32396717.561419472,25022336.55602963,10351106.556029629,10091917.554773072,0,0.0,0.0
4365,31239631.665150136,24023333.178337086,9352103.178337086,9359428.285886934,0,0.0,0.0
4366,27780749.226569597,21196259.253876977,6525029.253876977,7220832.354906583,0,0.0,0.0
4367,25289948.862602364,18837901.76812727,4166671.76812727,5436467.804793308,0,0.0,0.0
4368,24338179.617834397,18366221.3161098,3694991.316109799,5606146.130546279,0,0.0,0.0
4369,23965234.576888077,18643109.21288576,3971879.21288576,5837653.9011946255,0,0.0,0.0
4370,24219489.71792539,19087549.592737854,4416319.5927378535,6209253.392265611,0,0.0,0.0
4371,23989422.56596907,19471955.933958102,4800725.933958102,6530658.033332311,0,0.0,0.0
4372,24461932.12010919,20670565.90392362,5999335.90392362,7532823.621841672,0,0.0,0.0
4373,28299947.224749774,24481137.18317339,9809907.183173388,10718867.042401645,0,0.0,0.0
4374,33647742.85714285,29836611.01876738,15165381.01876738,15196613.534322595,0,0.0,0.0
4375,36304484.07643312,32342506.27327698,17671276.27327698,17236683.37697532,0,0.0,0.0
4376,37434569.42675159,33372383.49428695,18701153.49428695,18073249.141569562,0,0.0,0.0
4377,38996663.51228389,36554654.11525778,21883424.115257777,20658196.745874777,0,0.0,0.0
4378,39981058.41674249,36224097.42459749,21552867.424597487,20389686.670088485,0,0.0,0.0
4379,41130269.15377617,37431220.12879517,22759990.12879517,21370228.337964065,0,0.0,0.0
4380,42004974.34030936,38144728.48634212,23473498.486342117,21949808.75055955,0,0.0,0.0
4381,42370606.73339398,38284596.77039185,23613366.77039185,22063423.28207993,0,0.0,0.0
4382,42393107.18835304,37455346.81932462,22784116.81932462,21389826.366639867,0,0.0,0.0
4383,42807115.559599645,36934448.081221044,22263218.081221044,20966702.092961453,0,0.0,0.0
4384,42825115.92356687,36700879.98008859,22029649.98008859,20885729.420933153,0,0.0,0.0
4385,41677592.720655136,35315349.79644571,20644119.796445712,20644119.796445712,0,0.0,0.0
4386,40354565.96906279,33604236.45215134,18933006.452151343,18933006.452151343,0,0.0,0.0
4387,37476195.268425845,30326168.99645057,15654938.99645057,15654938.99645057,0,0.0,0.0
4388,35274525.75068244,28079998.59032872,13408768.59032872,13727898.462496735,0,0.0,0.0
4389,33455363.967242938,26367433.62418048,11696203.62418048,12296011.760261264,0,0.0,0.0
4390,29329343.039126478,21928690.621228725,7257460.621228725,8584749.877529766,0,0.0,0.0
4391,26409346.49681528,19319096.656815793,4647866.656815793,6402851.397917079,0,0.0,0.0
4392,25684831.847133763,18813506.500419855,4142276.500419855,6124906.868778211,0,0.0,0.0
4393,25311886.806187447,18748366.424813565,4077136.424813565,6070777.534759357,0,0.0,0.0
4394,25563891.901728842,19093338.25272122,4422108.25272122,6357438.167650996,0,0.0,0.0
4395,25260698.271155592,18751670.38028204,4080440.3802820407,6073523.016822002,0,0.0,0.0
4396,24723499.909008186,18504034.69745548,3832804.6974554807,5701596.162030423,0,0.0,0.0
4397,28771894.26751592,23036079.166661553,8364849.166661553,8364849.166661553,0,0.0,0.0
4398,33812558.689717926,28606285.81932875,13935055.819328751,13935055.819328751,0,0.0,0.0
4399,36208294.63148317,31145926.32851432,16474696.328514319,16357291.376073478,0,0.0,0.0
4400,38041519.19927206,33259514.26993191,18588284.26993191,18059691.343584474,0,0.0,0.0
4401,38920161.96542312,34240511.671743244,19569281.671743244,18849840.602219936,0,0.0,0.0
4402,40305064.968152866,35992211.2648792,21320981.264879197,20260755.79150869,0,0.0,0.0
4403,41534152.32029118,37677797.9195829,23006567.919582903,21618419.98421786,0,0.0,0.0
4404,41679280.25477706,37655023.086879574,22983793.086879574,21600075.88142733,0,0.0,0.0
4405,41786719.927206546,37851417.8273778,23180187.827377804,21758263.006406505,0,0.0,0.0
4406,41895847.133757964,38240033.59085481,23568803.59085481,22071275.514735732,0,0.0,0.0
4407,42643987.26114649,38621360.82980388,23950130.829803877,22378417.44456834,0,0.0,0.0
4408,42670425.29572338,38566780.39000526,23895550.39000526,22334455.35663289,0,0.0,0.0
4409,41572965.605095536,37656196.48749962,22984966.487499617,21601021.002819397,0,0.0,0.0
4410,38831847.67970883,34870505.42696465,20199275.426964648,19357272.219993882,0,0.0,0.0
4411,36234170.15468608,32077086.43280668,17405856.43280668,17107298.934420776,0,0.0,0.0
4412,34497135.031847134,30478177.67191754,15806947.67191754,15815329.667571113,0,0.0,0.0
4413,33903123.020928115,29969390.002378978,15298160.002378978,15395091.754695967,0,0.0,0.0
4414,29755726.660600536,25848711.45868125,11177481.458681252,11970938.755177466,0,0.0,0.0
4415,27508493.72156506,23630124.912568692,8958894.912568692,10127363.796344193,0,0.0,0.0
4416,27181112.10191083,23324939.57060687,8653709.570606869,10566966.158570334,0,0.0,0.0
4417,26343532.666060057,22963376.39210823,8292146.392108232,10267964.08993347,0,0.0,0.0
4418,26076902.274795268,23304279.615576617,8633049.615576617,10549880.986021403,0,0.0,0.0
4419,25946962.147406742,23414387.977257967,8743157.977257967,10640937.348712008,0,0.0,0.0
4420,26411034.03093721,24025880.830473628,9354650.830473628,11146623.875828406,0,0.0,0.0
4421,28972148.316651493,26695537.95707402,12024307.95707402,13354351.462247135,0,0.0,0.0
4422,34602324.6587807,32433199.25705744,17761969.25705744,18099227.876257364,0,0.0,0.0
4423,37818202.18380346,35940711.208857715,21269481.208857715,20960833.390912317,0,0.0,0.0
4424,38691782.34758871,37042949.711776935,22371719.711776935,21844786.536018644,0,0.0,0.0
4425,40369191.26478617,38977440.17652424,24306210.176524237,23396173.94079788,0,0.0,0.0
4426,41337835.850773424,40167698.26813162,25496468.26813162,24350715.431390055,0,0.0,0.0
4427,42408294.99545041,41426420.74044917,26755190.740449168,25360162.73818831,0,0.0,0.0
4428,42740176.70609646,41785544.55737782,27114314.557377823,25648166.311476596,0,0.0,0.0
4429,42475796.36032757,41513510.861352816,26842280.861352816,25430005.68604087,0,0.0,0.0
4430,41807532.848043665,40832196.920569345,26160966.920569345,24883617.949479926,0,0.0,0.0
4431,42096101.182893544,40977258.21594707,26306028.21594707,24999951.563251134,0,0.0,0.0
4432,42183852.95723383,40934533.312640056,26263303.312640056,24965687.824003607,0,0.0,0.0
4433,41532464.786169246,40285272.80946563,25614042.80946563,24445005.719128516,0,0.0,0.0
4434,39770679.16287534,38601882.29855874,23930652.29855874,23094990.878767435,0,0.0,0.0
4435,37781076.43312102,36719796.80099686,22048566.800996862,21868537.355769675,0,0.0,0.0
4436,36391110.828025475,35424378.69416192,20753148.69416192,20753148.69416192,0,0.0,0.0
4437,33823246.40582347,32924564.853872802,18253334.853872802,18505572.710692264,0,0.0,0.0
4438,29854166.151046406,29025210.71746202,14353980.717462022,15280922.02038711,0,0.0,0.0
4439,27017983.803457685,26103126.7500542,11431896.7500542,12864444.892894253,0,0.0,0.0
4440,26148341.219290264,25176547.508815296,10505317.508815296,12215371.962154673,0,0.0,0.0
4441,25071694.449499544,23999853.573673062,9328623.573673062,11265961.56912964,0,0.0,0.0
4442,24657123.566878982,23403406.413172904,8732176.413172904,10784720.767118819,0,0.0,0.0
4443,24418618.744313013,23014148.04273908,8342918.042739078,10470649.340875605,0,0.0,0.0
4444,25138070.791628752,23624943.449024614,8953713.449024614,10963466.962706333,0,0.0,0.0
4445,29243841.31028207,27712470.06345108,13041240.063451082,14261470.065810489,0,0.0,0.0
4446,34681638.762511365,33042628.26933585,18371398.26933585,18476706.849831704,0,0.0,0.0
4447,37431756.869881704,35586808.720318295,20915578.720318295,20577078.881937377,0,0.0,0.0
4448,38531466.60600547,36859837.28316725,22188607.28316725,21573371.999604587,0,0.0,0.0
4449,40183562.51137398,38537007.13914431,23865777.13914431,22885952.748719417,0,0.0,0.0
4450,41776594.72247497,40035627.45519991,25364397.455199912,24058797.687517237,0,0.0,0.0
4451,42619799.27206551,40946662.88426971,26275432.884269707,24771789.01734409,0,0.0,0.0
4452,42728363.96724295,40745350.81051451,26074120.81051451,24614238.87319275,0,0.0,0.0
4453,42814428.20746133,40579427.129469134,25908197.129469134,24484384.26795628,0,0.0,0.0
4454,42716551.22838945,40210882.19271982,25539652.192719817,24195954.931215614,0,0.0,0.0
4455,43664382.89353958,40865615.212920256,26194385.212920256,24708359.775043577,0,0.0,0.0
4456,43221686.4422202,40028664.90041224,25357434.90041224,24053348.677480232,0,0.0,0.0
4457,41650029.66333029,38483065.59912117,23811835.59912117,22843737.211181786,0,0.0,0.0
4458,39970933.21201091,37092984.74367774,22421754.743677743,21755837.041699447,0,0.0,0.0
4459,38268211.282984525,35646284.44591258,20975054.445912577,20623625.5642406,0,0.0,0.0
4460,36596427.479526825,34162762.58668751,19491532.586687513,19462596.926401466,0,0.0,0.0
4461,34583761.78343949,32583587.136138856,17912357.136138856,18191709.728252906,0,0.0,0.0
4462,30594993.630573243,28978070.406026226,14306840.406026226,15282614.207691053,0,0.0,0.0
4463,28831520.47315742,27497596.78676258,12826366.78676258,14088100.495373506,0,0.0,0.0
4464,27889876.43312101,26791871.413413003,12120641.413413003,13773829.686324952,0,0.0,0.0
4465,27505118.6533212,26542330.891049158,11871100.891049158,13575476.966839364,0,0.0,0.0
4466,27210362.6933576,26450283.054750457,11779053.054750457,13502310.739247719,0,0.0,0.0
4467,26940919.745222934,26144798.02552517,11473568.025525171,13259489.309946481,0,0.0,0.0
4468,27325677.52502275,26603118.703184433,11931888.703184433,13623795.483344795,0,0.0,0.0
4469,29839540.855323017,29150706.756779607,14479476.756779607,15648801.337194828,0,0.0,0.0
4470,34637762.87534122,33977177.6932994,19305947.693299398,19485226.887274276,0,0.0,0.0
4471,37295629.11737944,36511745.17121416,21840515.171214163,21459091.12935372,0,0.0,0.0
4472,38457777.61601456,37822654.78389122,23151424.783891223,22468900.12681849,0,0.0,0.0
4473,39860118.47133758,39012688.34896064,24341458.348960638,23385596.891928125,0,0.0,0.0
4474,40928327.57051864,39997618.535440765,25326388.535440765,24144300.127120055,0,0.0,0.0
4475,41795157.59781619,40767193.08170055,26095963.08170055,24737112.39542434,0,0.0,0.0
4476,42102288.80800728,41105990.78036167,26434760.780361667,24998092.2228052,0,0.0,0.0
4477,42280042.40218379,41224558.841445774,26553328.841445774,25089426.586163912,0,0.0,0.0
4478,42307042.94813467,41133050.46116195,26461820.46116195,25018936.611217942,0,0.0,0.0
4479,42122539.21747042,40749508.111289024,26078278.111289024,24723489.45600216,0,0.0,0.0
4480,42109038.94449499,40610602.40116075,25939372.401160747,24616488.7638642,0,0.0,0.0
4481,41014391.81073703,39800434.18267292,25129204.182672918,24286966.41404032,0,0.0,0.0
4482,39317857.50682439,37637641.363673925,22966411.363673925,22966411.363673925,0,0.0,0.0
4483,37105500.27297543,35945562.62301553,21274332.62301553,21274332.62301553,0,0.0,0.0
4484,35146835.6687898,33374240.126215924,18703010.126215924,19005968.829391982,0,0.0,0.0
4485,33514427.66151046,31798065.037222687,17126835.037222687,17753111.728967242,0,0.0,0.0
4486,30244549.04458599,28725650.565580666,14054420.565580666,15310936.165398952,0,0.0,0.0
4487,27960190.354868058,26652961.41682392,11981731.41682392,13663414.049913786,0,0.0,0.0
4488,26762603.639672432,25641537.02043115,10970307.02043115,12456779.869368015,0,0.0,0.0
4489,26405408.91719745,25394805.891569294,10723575.891569294,12281792.246605959,0,0.0,0.0
4490,25845710.10009099,25026910.094953526,10355680.094953526,12020871.741070608,0,0.0,0.0
4491,25906461.328480434,25227683.115821578,10556453.115821578,12163264.773512522,0,0.0,0.0
4492,25713519.927206546,25054683.95913822,10383453.959138218,12040569.630392531,0,0.0,0.0
4493,26415534.121929027,25790726.81731403,11119496.817314029,12562588.844576424,0,0.0,0.0
4494,28741518.6533212,28105946.80831197,13434716.808311969,13925070.474184886,0,0.0,0.0
4495,31741391.81073703,31008872.120167006,16337642.120167006,16255942.52883489,0,0.0,0.0
4496,34115189.8089172,33186297.510442328,18515067.510442328,17737147.701468527,0,0.0,0.0
4497,35227274.79526842,34127649.71637803,19456419.716378033,18377507.533281513,0,0.0,0.0
4498,36199856.96087352,35158285.177378856,20487055.177378856,19078602.772986155,0,0.0,0.0
4499,36971622.56596907,35803883.69145076,21132653.69145076,19517774.586982034,0,0.0,0.0
4500,36744930.48225659,35366018.252381265,20694788.252381265,19219914.29924781,0,0.0,0.0
4501,36335984.71337579,35151151.82200367,20479921.82200367,19073750.270150866,0,0.0,0.0
4502,36121667.87989082,34316227.70151697,19644997.70151697,18505788.708048787,0,0.0,0.0
4503,36059791.62875342,34802355.02889713,20131125.02889713,18836479.401328083,0,0.0,0.0
4504,37346817.65241128,35061413.51275847,20390183.51275847,19012705.309239212,0,0.0,0.0
4505,36608802.729754314,34366916.70484509,19695686.704845093,18540270.171459936,0,0.0,0.0
4506,35361152.50227479,33184746.422800705,18513516.422800705,17736092.565872036,0,0.0,0.0
4507,33588116.65150136,31340092.928991396,16668862.928991396,16481257.24111191,0,0.0,0.0
4508,32205463.69426751,30009492.53518912,15338262.535189118,15554638.47919844,0,0.0,0.0
4509,31681203.09372156,29667975.65268004,14996745.65268004,15312426.53099782,0,0.0,0.0
4510,28807894.995450415,26888327.72486458,12217097.72486458,13341033.682241295,0,0.0,0.0
4511,26375595.814376704,24286501.22322077,9615271.22322077,11495756.045559853,0,0.0,0.0
4512,25108257.688808,23444810.11843352,8773580.11843352,10417754.573106593,0,0.0,0.0
4513,24464182.165605098,23246182.906106558,8574952.906106558,10273508.346792176,0,0.0,0.0
4514,24631248.043676063,23539241.17174327,8868011.17174327,10486331.899079448,0,0.0,0.0
4515,24535058.59872611,23847877.3144951,9176647.314495102,10710468.352361104,0,0.0,0.0
4516,24130050.40946314,23037093.734311335,8365863.734311335,10121664.479875192,0,0.0,0.0
4517,24924316.469517745,23857641.35377371,9186411.35377371,10717559.15227228,0,0.0,0.0
4518,25893523.56687898,24858928.589873955,10187698.589873955,10644088.28320769,0,0.0,0.0
4519,27952315.19563239,26880429.93576563,12209199.935765631,12209199.935765631,0,0.0,0.0
4520,30465053.503184713,29159246.55095812,14488016.55095812,14488016.55095812,0,0.0,0.0
4521,32573908.644222017,31167993.04564373,16496763.045643728,15973245.95201697,0,0.0,0.0
4522,34240629.84531392,32724372.469077155,18053142.469077155,17055442.19820487,0,0.0,0.0
4523,35611470.06369426,34014816.07698384,19343586.07698384,17952725.47461381,0,0.0,0.0
4524,35329651.86533212,33689014.53440681,19017784.53440681,17726186.109552484,0,0.0,0.0
4525,35006770.3366697,33240659.976035226,18569429.976035226,17414432.039352458,0,0.0,0.0
4526,35153023.293903545,33136285.225732338,18465055.225732338,17341857.215197172,0,0.0,0.0
4527,35607532.484076425,33377941.42908233,18706711.42908233,17509887.858750954,0,0.0,0.0
4528,36400111.0100091,33902221.78328468,19230991.78328468,17874435.360937923,0,0.0,0.0
4529,36512613.28480437,34256137.7216262,19584907.7216262,18120523.489688903,0,0.0,0.0
4530,35546781.255687,33433235.207355734,18762005.207355734,17548335.243999094,0,0.0,0.0
4531,34196753.95814376,32530715.274944115,17859485.274944115,16920786.673091512,0,0.0,0.0
4532,32918165.60509553,31868796.02341495,17197566.02341495,16460534.810018092,0,0.0,0.0
4533,32109836.760691542,30715484.994004548,16044254.994004548,15658603.836167468,0,0.0,0.0
4534,28756706.460418556,27311646.81492767,12640416.814927671,13225912.602960058,0,0.0,0.0
4535,26826729.93630574,25464076.572964832,10792846.572964832,11884177.841988593,0,0.0,0.0
4536,26097715.195632387,24697519.991881795,10026289.991881795,11687012.99499095,0,0.0,0.0
4537,25935711.9199272,24654333.22098393,9983103.22098393,11651864.563537253,0,0.0,0.0
4538,25672456.596906282,24371507.677040376,9700277.677040376,11421681.244942607,0,0.0,0.0
4539,25573454.59508644,24245470.066538706,9574240.066538706,11319102.973374596,0,0.0,0.0
4540,26204029.845313918,24867096.58328861,10195866.58328861,11825026.351287298,0,0.0,0.0
4541,29314155.23202911,27840124.464238048,13168894.464238048,14244685.531887712,0,0.0,0.0
4542,34762077.888989985,33012657.798954558,18341427.798954558,18454456.94052704,0,0.0,0.0
4543,37613448.04367607,35914795.464945994,21243565.464945994,20764333.168481983,0,0.0,0.0
4544,38949412.55686987,37233655.17034692,22562425.170346923,21807769.397765134,0,0.0,0.0
4545,40375941.401273884,39732405.38285278,25061175.382852778,23784694.2283444,0,0.0,0.0
4546,41535839.85441309,39919702.209556684,25248472.209556684,23932877.00609724,0,0.0,0.0
4547,42870679.34485896,41095449.54936853,26424219.54936853,24863087.676587023,0,0.0,0.0
4548,42770552.32029116,40647547.78645698,25976317.78645698,24508723.277805395,0,0.0,0.0
4549,42223791.26478618,39510276.842240006,24839046.842240006,23608953.802062478,0,0.0,0.0
4550,43427565.605095536,40566264.758090176,25895034.758090176,24444414.954276785,0,0.0,0.0
4551,42757052.04731573,39873805.07658573,25202575.076585732,23896564.780341912,0,0.0,0.0
4552,43020307.37033667,39789726.64006256,25118496.640062563,24669352.734066427,0,0.0,0.0
4553,41752969.244767964,38048773.63266942,23377543.63266942,23377543.63266942,0,0.0,0.0
4554,40038434.57688808,35767910.413157985,21096680.413157985,21096680.413157985,0,0.0,0.0
4555,37880640.94631482,33286348.30099596,18615118.30099596,18677205.519560266,0,0.0,0.0
4556,35648595.81437671,31806760.916679095,17135530.916679095,17473013.247801427,0,0.0,0.0
4557,33323736.30573248,29636339.839102704,14965109.839102704,15706571.930591421,0,0.0,0.0
4558,29583035.668789808,26482678.542929888,11811448.542929888,13139900.572853638,0,0.0,0.0
4559,27715497.90718835,24532312.434908412,9861082.434908412,11552555.466187846,0,0.0,0.0
4560,27281801.637852587,23658469.637066238,8987239.637066238,10607052.148770154,0,0.0,0.0
4561,26579224.931756135,24485379.968369074,9814149.968369074,11263230.19098327,0,0.0,0.0
4562,26353095.359417655,22926098.46177108,8254868.461771078,10025893.750106364,0,0.0,0.0
4563,26399221.29208371,22449433.062618468,7778203.062618468,9647645.521046394,0,0.0,0.0
4564,26917856.7788899,22820127.421003748,8148897.421003748,9941802.564605718,0,0.0,0.0
4565,29666849.863512285,25300381.565116964,10629151.565116964,11740616.738055095,0,0.0,0.0
4566,34797516.1055505,30291980.916683897,15620750.916683897,15620750.916683897,0,0.0,0.0
4567,37561696.99727024,32501590.05596755,17830360.05596755,17600193.557992913,0,0.0,0.0
4568,38484778.161965415,33552153.5229054,18880923.5229054,18408488.88591307,0,0.0,0.0
4569,39522611.646951765,34971699.21757931,20300469.217579313,19500676.258579426,0,0.0,0.0
4570,40603195.99636034,36479927.08296724,21808697.082967237,20661095.000900123,0,0.0,0.0
4571,41561715.377616,37539715.81322398,22868485.81322398,21476488.174380466,0,0.0,0.0
4572,41616278.98089172,37636730.76890434,22965500.768904343,21551130.72371962,0,0.0,0.0
4573,41488588.89899907,37647979.03039081,22976749.030390806,21559785.048272923,0,0.0,0.0
4574,41338960.87352137,37166201.13993693,22494971.13993693,21189108.901419878,0,0.0,0.0
4575,42949430.93721564,38470526.97366869,23799296.973668687,22192647.012795422,0,0.0,0.0
4576,42994994.35850772,38169285.24630229,23498055.24630229,21960873.980067976,0,0.0,0.0
4577,42056162.875341214,37159709.87266092,22488479.87266092,21184114.571066126,0,0.0,0.0
4578,40188625.11373976,35308420.829506285,20637190.829506285,19759747.237435803,0,0.0,0.0
4579,37477882.80254777,32673703.917930365,18002473.917930365,17732616.619400453,0,0.0,0.0
4580,35529905.91446771,30806333.712184668,16135103.712184668,16279095.75164414,0,0.0,0.0
4581,33539178.161965415,28838333.56523424,14167103.56523424,14717428.86393401,0,0.0,0.0
4582,29659537.215650592,25533291.267647516,10862061.267647516,12094779.1011174,0,0.0,0.0
4583,27181112.10191083,22960066.077772863,8288836.077772863,10052848.067791073,0,0.0,0.0
4584,26606787.989080973,22398708.643066265,7727478.643066265,9674970.330836631,0,0.0,0.0
4585,26207404.91355777,22217071.951878194,7545841.951878194,9526229.953988394,0,0.0,0.0
4586,26216967.606915377,22424662.17977912,7753432.17977912,9696223.409198523,0,0.0,0.0
4587,26231592.902638756,22732678.65162036,8061448.651620358,9948454.859779699,0,0.0,0.0
4588,26375033.303002726,23148466.145571433,8477236.145571433,10288938.867358493,0,0.0,0.0
4589,29921667.515923567,26803660.053048488,12132430.053048488,12646690.542154713,0,0.0,0.0
4590,35161460.9645132,32233561.528738953,17562331.528738953,17562331.528738953,0,0.0,0.0
4591,37573509.73612374,34764935.1185222,20093705.118522197,19758636.00828936,0,0.0,0.0
4592,38656344.1310282,36210011.57888728,21538781.578887276,20903618.63275832,0,0.0,0.0
4593,39854493.357597806,37597266.038418,22926036.038418002,22002786.94353301,0,0.0,0.0
4594,41151644.585987255,38966838.22634446,24295608.22634446,23087944.996509347,0,0.0,0.0
4595,42213103.5486806,40091600.24185157,25420370.24185157,23979131.725890435,0,0.0,0.0
4596,42256979.43585077,40292809.60523924,25621579.605239242,24138556.663793806,0,0.0,0.0
4597,42015099.54504094,40339791.96736237,25668561.967362367,24175782.367597654,0,0.0,0.0
4598,41968411.10100091,40334581.03198371,25663351.03198371,24171653.56844453,0,0.0,0.0
4599,42149539.76342128,40337442.29643788,25666212.296437882,24173920.644390944,0,0.0,0.0
4600,42179352.86624204,40052771.01197899,25381541.01197899,23948366.022659484,0,0.0,0.0
4601,41115081.34667881,38998715.39611194,24327485.396111943,23113202.348976236,0,0.0,0.0
4602,37940829.663330294,35988162.00688,21316932.00688,20727839.764192406,0,0.0,0.0
4603,35386465.514103726,33324613.36401901,18653383.36401901,18617420.697001167,0,0.0,0.0
4604,33967811.82893539,31677780.030274022,17006550.030274022,17273504.33796594,0,0.0,0.0
4605,33887372.70245677,31713033.442780375,17041803.442780375,17302372.986844547,0,0.0,0.0
4606,29937417.834394902,28048576.507268053,13377346.507268053,14301587.727175359,0,0.0,0.0
4607,27542806.915377617,25676698.004484925,11005468.004484925,12359281.357054854,0,0.0,0.0
4608,26800291.901728842,25061508.698433317,10390278.698433317,12235046.555547813,0,0.0,0.0
4609,26338470.063694265,24695819.17895432,10024589.178954318,11943563.601897739,0,0.0,0.0
4610,26062276.979071885,24532165.494900756,9860935.494900756,11813118.903149983,0,0.0,0.0
4611,26320469.69972703,24782302.793349523,10111072.793349523,12012497.76058559,0,0.0,0.0
4612,26575287.352138303,25056217.261232365,10384987.261232365,12230828.869061798,0,0.0,0.0
4613,29655037.124658775,28096701.88085133,13425471.880851328,14654331.294607962,0,0.0,0.0
4614,35114772.52047315,33604775.100357294,18933545.100357294,19044693.515625056,0,0.0,0.0
4615,37455382.34758872,35895673.60212478,21224443.60212478,20822666.987340502,0,0.0,0.0
4616,38425714.46769791,36771181.13737715,22099951.13737715,21496405.918232393,0,0.0,0.0
4617,38791909.37215649,37229157.69584152,22557927.69584152,21848837.65005569,0,0.0,0.0
4618,39112540.85532302,37799363.0242952,23128133.024295203,22287634.020061236,0,0.0,0.0
4619,40089623.111919925,38917470.327903055,24246240.327903055,23148063.41560955,0,0.0,0.0
4620,41058267.69790719,40091614.86720943,25420384.867209427,24051615.760703642,0,0.0,0.0
4621,41181457.688807994,40246940.247182086,25575710.247182086,24171145.006574713,0,0.0,0.0
4622,41531339.76342128,40617046.35063307,25945816.35063307,24455956.821910776,0,0.0,0.0
4623,42082600.9099181,41044714.64069191,26373484.640691914,24785065.099017218,0,0.0,0.0
4624,41902597.27024568,40706295.14166586,26035065.14166586,24524637.424455788,0,0.0,0.0
4625,40611633.66696996,39438904.73536741,24767674.73536741,23549328.563046593,0,0.0,0.0
4626,39281294.26751591,37912573.84680252,23241343.846802518,22374754.387905344,0,0.0,0.0
4627,37612323.02092811,36332372.28248602,21661142.28248602,21158724.519893527,0,0.0,0.0
4628,36074416.92447679,34816606.2644492,20145376.2644492,20139080.072591927,0,0.0,0.0
4629,33902560.509554125,32606735.466977347,17935505.466977347,18249178.400475208,0,0.0,0.0
4630,30090983.439490445,28820066.985426154,14148836.985426154,15230909.473685304,0,0.0,0.0
4631,27693559.963603273,26387266.608029116,11716036.608029116,13291778.59387501,0,0.0,0.0
4632,27230613.10282074,26060231.199390516,11389001.199390516,13167365.581971617,0,0.0,0.0
4633,26848105.368516836,25921676.058448397,11250446.058448397,13058053.665531628,0,0.0,0.0
4634,26572474.795268424,25801996.108315952,11130766.108315952,12963633.172582295,0,0.0,0.0
4635,26493160.691537756,25904703.297919422,11233473.297919422,13044663.148456013,0,0.0,0.0
4636,26896481.3466788,26400497.043896604,11729267.043896604,13435815.466321776,0,0.0,0.0
4637,29818727.934485894,29255347.702931814,14584117.702931814,15688125.951282194,0,0.0,0.0
4638,35058521.38307553,34392575.06045059,19721345.06045059,19741098.391134914,0,0.0,0.0
4639,37974580.34576888,37219522.721236855,22548292.721236855,21896708.868521813,0,0.0,0.0
4640,38782909.19017288,37928061.905265264,23256831.905265264,22436353.020600546,0,0.0,0.0
4641,39447235.12283895,38642033.85055677,23970803.85055677,22980134.92244862,0,0.0,0.0
4642,40370878.798908085,39506374.97947537,24835144.97947537,23638442.389609616,0,0.0,0.0
4643,41085830.755232036,40139589.448300585,25468359.448300585,24120717.036962736,0,0.0,0.0
4644,41176395.08644221,40304517.33222242,25633287.332222417,24246330.933948826,0,0.0,0.0
4645,41378336.66969972,40574840.06129473,25903610.061294727,24452216.625532508,0,0.0,0.0
4646,41599403.63967243,40743490.57529011,26072260.575290114,24580665.78638941,0,0.0,0.0
4647,41224208.5532302,40136509.21234686,25465279.21234686,24118371.039229777,0,0.0,0.0
4648,41144894.44949955,39960841.1048168,25289611.1048168,23984577.07402328,0,0.0,0.0
4649,39915244.58598727,38615438.31383472,23944208.31383472,22963198.09205357,0,0.0,0.0
4650,38187209.64513193,36857259.11185972,22186029.111859716,22124176.513649408,0,0.0,0.0
4651,36397298.453139216,35080335.776494846,20409105.776494846,20409105.776494846,0,0.0,0.0
4652,34707514.28571428,33418466.18578771,18747236.18578771,18972583.363929383,0,0.0,0.0
4653,33158920.473157417,31839273.849569518,17168043.849569518,17726692.814321645,0,0.0,0.0
4654,29934605.277525023,28671653.929915465,14000423.929915465,15227625.644266102,0,0.0,0.0
4655,27595120.473157413,26416595.36461042,11745365.364610419,13448516.101438796,0,0.0,0.0
4656,26282781.43767061,25199775.152100757,10528545.152100757,11698178.28884484,0,0.0,0.0
4657,25697769.60873521,24615337.437532865,9944107.437532865,11302329.030203838,0,0.0,0.0
4658,25836709.91810737,24660306.788387973,9989076.788387973,11332787.509788316,0,0.0,0.0
4659,25366450.409463145,24164478.801536698,9493248.801536698,10996955.074412959,0,0.0,0.0
4660,24904628.571428563,23681501.100329302,9010271.100329302,10669826.348464057,0,0.0,0.0
4661,26015588.535031848,24799774.551329643,10128544.551329643,11427251.315235222,0,0.0,0.0
4662,27694122.474977244,26474219.39298623,11802989.39298623,12561380.295421036,0,0.0,0.0
4663,30935875.52320291,29526441.208229106,14855211.208229106,14611744.29248607,0,0.0,0.0
4664,32457750.0454959,30839316.35968735,16168086.35968735,15469280.413610658,0,0.0,0.0
4665,34656888.26205642,32888769.57630604,18217539.57630604,16807930.291973747,0,0.0,0.0
4666,35702596.906278424,33649285.847938105,18978055.847938105,17304679.867059465,0,0.0,0.0
4667,35924788.898999095,33558893.92929614,18887663.929296143,17245638.201744102,0,0.0,0.0
4668,35548468.78980893,32881857.318034604,18210627.318034604,16803415.38349998,0,0.0,0.0
4669,35074834.21292084,32065697.79536548,17394467.79536548,16270321.074790439,0,0.0,0.0
4670,35536093.539581425,32282470.31462102,17611240.31462102,16411911.282452095,0,0.0,0.0
4671,35323464.24021838,31840444.064829167,17169214.064829167,16123191.159094803,0,0.0,0.0
4672,36157106.09645132,32400941.058560155,17729711.058560155,16489293.310828108,0,0.0,0.0
4673,35914101.18289354,31915167.564464986,17243937.564464986,16190432.344022982,0,0.0,0.0
4674,34742952.5022748,30803769.265903812,16132539.265903812,16064183.44943396,0,0.0,0.0
4675,33104919.38125568,29241084.04057372,14569854.04057372,14569854.04057372,0,0.0,0.0
4676,31921395.450409453,27943409.009813912,13272179.009813912,13556486.542207818,0,0.0,0.0
4677,31053440.40036397,26995838.023625787,12324608.023625787,12914681.157232577,0,0.0,0.0
4678,27970878.070973612,24099971.161122404,9428741.161122404,10953262.990554957,0,0.0,0.0
4679,25706769.79071883,21746772.621225603,7075542.621225603,9359402.987625543,0,0.0,0.0
4680,25442389.444949962,21272835.767487053,6601605.767487053,7999373.227090494,0,0.0,0.0
4681,24528870.973612368,20177710.302220374,5506480.302220374,7173212.822017627,0,0.0,0.0
4682,24149738.307552315,19851751.366458856,5180521.366458856,6927310.069367927,0,0.0,0.0
4683,23902233.303002734,20153720.69946047,5482490.699460469,7155115.114894327,0,0.0,0.0
4684,23241844.949954502,19588004.38742311,4916774.387423109,6728339.889285543,0,0.0,0.0
4685,24036111.010009095,20597667.590433463,5926437.590433463,6722883.628994177,0,0.0,0.0
4686,25503703.184713375,22357574.42078024,7686344.4207802415,7686344.4207802415,0,0.0,0.0
4687,27314989.808917202,24379125.53823878,9707895.538238779,9707895.538238779,0,0.0,0.0
4688,29783289.717925385,27003634.17013596,12332404.17013596,12320690.558024162,0,0.0,0.0
4689,31887644.76797089,29089459.973102305,14418229.973102305,13845807.89546686,0,0.0,0.0
4690,33427238.398544133,30753961.0194563,16082731.0194563,15062108.617625719,0,0.0,0.0
4691,34530323.202911735,32211817.030735124,17540587.030735124,16127407.629125971,0,0.0,0.0
4692,34784578.34394905,32438428.209958952,17767198.209958952,16292999.198769601,0,0.0,0.0
4693,34491509.91810736,32018911.240223423,17347681.240223423,15986445.59559529,0,0.0,0.0
4694,34937581.43767062,32381962.761928987,17710732.761928987,16251738.206253968,0,0.0,0.0
4695,35459591.99272065,32500027.398554467,17828797.398554467,16338011.56913562,0,0.0,0.0
4696,36166668.789808914,32362609.784199703,17691379.784199703,16237596.406319622,0,0.0,0.0
4697,36361297.725204736,32030141.22944974,17358911.22944974,15994651.684762806,0,0.0,0.0
4698,35641845.67788899,31134093.605446946,16462863.605446946,15339882.873081606,0,0.0,0.0
4699,34115752.32029118,29292183.47985311,14620953.479853109,13993944.028033251,0,0.0,0.0
4700,32746037.12465878,28182486.97012543,13511256.97012543,13183055.582444437,0,0.0,0.0
4701,31676703.00272975,27237603.14575751,12566373.145757511,12492600.697809605,0,0.0,0.0
4702,28062004.91355778,24086315.180671617,9415085.180671617,10121856.326407986,0,0.0,0.0
4703,26244530.664240208,22650217.504570268,7978987.504570268,9038467.18476003,0,0.0,0.0
4704,25778208.735213835,22622271.51916573,7951041.519165728,9788721.673941836,0,0.0,0.0
4705,25244385.44131028,21999612.31406531,7328382.314065311,9269939.022187695,0,0.0,0.0
4706,25130195.632393084,21925436.79367248,7254206.79367248,9208138.00350938,0,0.0,0.0
4707,25093632.393084615,22239908.842565373,7568678.842565373,9470147.52989372,0,0.0,0.0
4708,25571767.060964506,23320565.54035037,8649335.54035037,10370521.189707138,0,0.0,0.0
4709,28887771.61055505,27329732.234886333,12658502.234886333,13710849.433598282,0,0.0,0.0
4710,34385195.268425845,33135793.02055114,18464563.02055114,18548300.780916188,0,0.0,0.0
4711,37510508.46223839,36272522.41908144,21601292.419081442,21100793.216725066,0,0.0,0.0
4712,39290856.96087352,38078475.61829137,23407245.61829137,22563695.17739298,0,0.0,0.0
4713,40047997.27024567,39005695.89019892,24334465.890198924,23314784.60448224,0,0.0,0.0
4714,41077955.595996365,40150005.533438295,25478775.533438295,24241726.02325124,0,0.0,0.0
4715,41774344.676979065,40785225.71745882,26113995.71745882,24756282.465281952,0,0.0,0.0
4716,42418982.71155595,41381058.98566532,26709828.98566532,25238933.763594564,0,0.0,0.0
4717,42247979.25386715,41040698.88865477,26369468.88865477,24963227.032397054,0,0.0,0.0
4718,41878409.281164676,40477784.34697673,25806554.346976727,24507241.35842193,0,0.0,0.0
4719,42168102.63876251,40447151.83464004,25775921.83464004,24482427.668688916,0,0.0,0.0
4720,42430232.939035475,40337972.60585536,25666742.60585536,24393987.664859798,0,0.0,0.0
4721,41180895.177434035,38884797.04686714,24213567.04686714,23655073.69408835,0,0.0,0.0
4722,39392671.519563235,36797645.56544891,22126415.56544891,22126415.56544891,0,0.0,0.0
4723,37794576.70609644,35364317.79244843,20693087.79244843,20693087.79244843,0,0.0,0.0
4724,35879225.477707,33350657.476329654,18679427.476329654,18727319.979899213,0,0.0,0.0
4725,33494739.763421286,30786447.33525937,16115217.33525937,16590890.090575147,0,0.0,0.0
4726,29485721.201091897,26367478.14978721,11696248.14978721,12909125.598409072,0,0.0,0.0
4727,27411179.253867146,24368644.760440424,9697414.760440424,11243752.184435684,0,0.0,0.0
4728,26714790.17288444,23860287.963800702,9189057.963800702,10999018.84716211,0,0.0,0.0
4729,26510598.54413102,24292316.85669672,9621086.856696721,11344618.375357267,0,0.0,0.0
4730,26171404.185623296,23618416.795781117,8947186.795781117,10805535.117425313,0,0.0,0.0
4731,26456034.940855317,23688386.905429713,9017156.905429713,10861507.38520635,0,0.0,0.0
4732,26755853.50318471,23785569.25522952,9114339.255229522,10939247.959487323,0,0.0,0.0
4733,29599348.498635117,26257792.323279448,11586562.323279448,12916891.445745701,0,0.0,0.0
4734,34430196.17834395,30703638.979474578,16032408.979474578,16132887.31780524,0,0.0,0.0
4735,37053186.715195626,33787252.41793766,19116022.41793766,18916572.56953406,0,0.0,0.0
4736,38528091.5377616,35775353.445087105,21104123.445087105,20454021.203394946,0,0.0,0.0
4737,40011434.03093722,37108674.78319015,22437444.783190154,21485112.200165533,0,0.0,0.0
4738,40581820.56414922,37876574.304456115,23205344.304456115,22078948.254667006,0,0.0,0.0
4739,41693905.550500445,39556356.02776456,24885126.02776456,23377965.79976026,0,0.0,0.0
4740,40616133.75796179,38766319.73704931,24095089.73704931,22767010.82349217,0,0.0,0.0
4741,40166687.17015469,38314468.0243534,23643238.0243534,22417582.505260214,0,0.0,0.0
4742,40794449.863512285,38947177.55346531,24275947.553465307,22906872.731400587,0,0.0,0.0
4743,41457088.2620564,39272216.05824301,24600986.058243006,23158233.199655656,0,0.0,0.0
4744,41537527.38853502,39096798.97209471,24425568.972094707,23022578.745595414,0,0.0,0.0
4745,40547507.37033666,37944593.00587361,23273363.005873613,22131548.830866724,0,0.0,0.0
4746,39177229.66333031,36415446.3869545,21744216.3869545,20949021.208716135,0,0.0,0.0
4747,37237127.93448589,34917320.02695268,20246090.026952676,19790482.334643796,0,0.0,0.0
4748,35770660.78252957,33692964.5433262,19021734.5433262,18843657.379595816,0,0.0,0.0
4749,33328798.908098273,31358580.518691305,16687350.518691305,16997243.53039674,0,0.0,0.0
4750,29442970.336669695,27440798.96462136,12769568.964621361,13863232.173929134,0,0.0,0.0
4751,27276739.03548681,25414018.782391947,10742788.782391947,12241918.677883947,0,0.0,0.0
4752,26822229.845313918,25080766.29093855,10409536.290938549,12287464.99212204,0,0.0,0.0
4753,26637726.11464968,25056672.8462578,10385442.846257798,12268062.466198385,0,0.0,0.0
4754,26359845.495905362,25404505.374793,10733275.374793,12548173.083066259,0,0.0,0.0
4755,26497098.271155596,25182774.810692262,10511544.810692262,12369612.770290814,0,0.0,0.0
4756,26505535.941765238,25401953.78526904,10730723.78526904,12546118.280088056,0,0.0,0.0
4757,29543097.36123749,28360783.60985422,13689553.609854221,14928873.138760692,0,0.0,0.0
4758,34895955.59599636,33689007.18244907,19017777.182449073,19219708.150698017,0,0.0,0.0
4759,37748450.773430385,36607950.79580989,21936720.795809887,21519254.513200648,0,0.0,0.0
4760,38958412.7388535,38552843.98234378,23881613.982343778,23032730.595049705,0,0.0,0.0
4761,40040684.62238398,39063564.00930064,24392334.00930064,23430162.469803724,0,0.0,0.0
4762,41431212.73885351,40468264.34080919,25797034.34080919,24523271.525161404,0,0.0,0.0
4763,41610091.355777964,40678960.33753162,26007730.33753162,24687230.838602703,0,0.0,0.0
4764,41216895.90536851,40494462.09517255,25823232.095172547,24543658.08155516,0,0.0,0.0
4765,41243896.45131938,40469150.84616115,25797920.84616115,24523961.385486852,0,0.0,0.0
4766,41884034.394904464,40934664.52115349,26263434.521153487,24886214.60214302,0,0.0,0.0
4767,42319980.70973613,41210916.61597066,26539686.615970656,25101188.32972937,0,0.0,0.0
4768,42111851.50136487,40838179.582953036,26166949.582953036,24811131.997485787,0,0.0,0.0
4769,40965453.32120109,39704763.38763818,25033533.38763818,23929130.705966778,0,0.0,0.0
4770,39305482.2565969,38029745.9169821,23358515.9169821,22625666.38408532,0,0.0,0.0
4771,37527383.8034577,36245495.44731261,21574265.44731261,21366525.353392906,0,0.0,0.0
4772,36118292.81164695,34868239.920137614,20197009.920137614,20197009.920137614,0,0.0,0.0
4773,33598804.367606916,32573138.75727602,17901908.75727602,18321095.837942503,0,0.0,0.0
4774,29725351.04640582,28749485.528156944,14078255.528156944,15241896.00229798,0,0.0,0.0
4775,27897751.59235669,27013143.003740296,12341913.003740296,13843613.967962427,0,0.0,0.0
4776,27029234.030937217,26131677.14768944,11460447.14768944,13101505.237256028,0,0.0,0.0
4777,26283906.460418563,25310924.34066011,10639694.34066011,12446882.66396342,0,0.0,0.0
4778,26545474.249317564,25668306.587414086,10997076.587414086,12731926.448176531,0,0.0,0.0
4779,26501035.85077343,25663161.016374063,10991931.016374063,12727822.402565684,0,0.0,0.0
4780,26915044.222020026,26154634.668654658,11483404.668654658,13119815.880024413,0,0.0,0.0
4781,29552097.54322111,28796256.949981067,14125026.949981067,15226742.058843058,0,0.0,0.0
4782,34787953.4121929,33989772.66410604,19318542.66410604,19369027.765451156,0,0.0,0.0
4783,37546509.190172896,36951098.005726255,22279868.005726255,21665615.897398222,0,0.0,0.0
4784,38502778.52593267,37676800.807653375,23005570.807653375,22226950.121258315,0,0.0,0.0
4785,39650301.7288444,38794021.10714926,24122791.10714926,23091124.805485662,0,0.0,0.0
4786,41004829.11737943,40076973.523168266,25405743.523168266,24083493.991305344,0,0.0,0.0
4787,42081475.88717016,40992278.41394018,26321048.413940176,24791486.242530525,0,0.0,0.0
4788,42160227.47952685,40913738.51457997,26242508.514579967,24730735.29416386,0,0.0,0.0
4789,41975723.748862594,40347972.218229905,25676742.218229905,24293112.642019622,0,0.0,0.0
4790,41914972.52047316,40055584.48252204,25384354.48252204,24066949.47680385,0,0.0,0.0
4791,42914555.2320291,40445312.05355527,25774082.053555273,24368405.421333596,0,0.0,0.0
4792,42304230.391264796,39530285.34377845,24859055.343778446,23660628.34429893,0,0.0,0.0
4793,40999204.00363966,38144081.83924847,23472851.83924847,22773986.47252306,0,0.0,0.0
4794,39421922.11101,36619904.968277745,21948674.968277745,21948674.968277745,0,0.0,0.0
4795,37367068.06187443,34855376.92488364,20184146.92488364,20184146.92488364,0,0.0,0.0
4796,35545656.23293903,33131799.438374527,18460569.438374527,18684718.633597706,0,0.0,0.0
4797,33303485.89626933,30986717.955370415,16315487.955370415,16973827.427012663,0,0.0,0.0
4798,29247216.378525924,27219233.328568846,12548003.328568846,13968926.97450768,0,0.0,0.0
4799,27414554.32211101,25525892.885860078,10854662.885860078,12618338.991654959,0,0.0,0.0
4800,26837417.65241128,25110387.47104955,10439157.47104955,12175859.698103746,0,0.0,0.0
4801,26274906.278434947,24567502.738506842,9896272.738506842,11751565.792481272,0,0.0,0.0
4802,25881148.3166515,24330433.665677935,9659203.665677935,11566283.435503282,0,0.0,0.0
4803,26025713.739763416,24677312.4452588,10006082.4452588,11837388.042694177,0,0.0,0.0
4804,26400908.826205634,25149183.188084897,10477953.188084897,12206180.658181686,0,0.0,0.0
4805,28746018.74431302,27552342.072968762,12881112.072968762,13530103.03598346,0,0.0,0.0
4806,34125315.01364877,32815367.6055561,18144137.6055561,18144137.6055561,0,0.0,0.0
4807,36927184.16742493,35404862.62708141,20733632.62708141,20157322.285569567,0,0.0,0.0
4808,38145583.80345769,36494444.73470638,21823214.73470638,20979071.059310935,0,0.0,0.0
4809,39506861.32848044,38018598.424168,23347368.424167998,22128568.115607653,0,0.0,0.0
4810,40139686.624203816,38723808.690112166,24052578.690112166,22660428.603416704,0,0.0,0.0
4811,41001454.04913559,39617170.5782409,24945940.5782409,23334190.618174158,0,0.0,0.0
4812,40665634.758871704,39208172.996616624,24536942.996616624,23025729.916763086,0,0.0,0.0
4813,40370316.28753413,38683682.52459471,24012452.52459471,22630165.966871783,0,0.0,0.0
4814,39853368.33484986,38042874.23591726,23371644.235917263,22146876.619755186,0,0.0,0.0
4815,40045747.22474978,37868062.481219865,23196832.481219865,22015035.84882761,0,0.0,0.0
4816,40451880.43676069,37999324.573609576,23328094.573609576,22114032.0260823,0,0.0,0.0
4817,39044476.97907186,36700677.24861335,22029447.24861335,21134608.961615574,0,0.0,0.0
4818,37446944.67697908,35301330.8467316,20630100.846731603,20079239.952030562,0,0.0,0.0
4819,35706534.48589627,33758883.77565197,19087653.77565197,18915946.263238695,0,0.0,0.0
4820,34393632.939035475,32752981.27077122,18081751.27077122,18148961.865081534,0,0.0,0.0
4821,32387717.37943584,30855243.04614284,16184013.046142839,16665776.365637992,0,0.0,0.0
4822,28890021.656050954,27672727.241008364,13001497.241008364,14178467.403491898,0,0.0,0.0
4823,26455472.42948135,25485764.006210394,10814534.006210394,12469236.849154666,0,0.0,0.0
4824,25618455.505004548,24967308.43667966,10296078.436679661,11793076.101091014,0,0.0,0.0
4825,25435639.30846224,24902936.90549222,10231706.90549222,11749008.40244898,0,0.0,0.0
4826,24989567.788898997,24510320.212834306,9839090.212834306,11480229.428658493,0,0.0,0.0
4827,24851189.990900822,24396312.711120144,9725082.711120144,11402181.755474487,0,0.0,0.0
4828,24977192.53867152,24465334.09228195,9794104.092281949,11449432.665446457,0,0.0,0.0
4829,25579642.22020018,25050521.799894944,10379291.799894944,11850042.610128738,0,0.0,0.0
4830,27695247.49772521,26956257.237135623,12285027.237135623,13154677.957317112,0,0.0,0.0
4831,30829560.87352138,29931117.619410284,15259887.619410284,15184379.71152678,0,0.0,0.0
4832,32642535.031847138,31848842.27322961,17177612.27322961,16437709.88450231,0,0.0,0.0
4833,34258630.209281154,33541720.841765948,18870490.841765948,17544091.754759114,0,0.0,0.0
4834,34683326.2966333,33922087.895849995,19250857.895849995,17792680.886019386,0,0.0,0.0
4835,34903268.243858054,34031159.03922856,19359929.03922856,17863964.4014735,0,0.0,0.0
4836,34778390.7188353,33814722.52077046,19143492.52077046,17722512.176527113,0,0.0,0.0
4837,34280568.15286624,33234724.24172621,18563494.24172621,17343453.930624973,0,0.0,0.0
4838,34570261.51046406,33377695.77132462,18706465.77132462,17436893.065156236,0,0.0,0.0
4839,34425696.08735213,33134024.129314736,18462794.129314736,17277641.30780868,0,0.0,0.0
4840,35280150.864422195,33714057.53018648,19042827.53018648,17656722.507603623,0,0.0,0.0
4841,34802578.70791628,33129627.32176823,18458397.32176823,17274767.77142699,0,0.0,0.0
4842,33502052.41128298,31874800.142174363,17203570.142174363,16454674.666338846,0,0.0,0.0
4843,31970333.939945403,30443249.263527162,15772019.263527162,15573432.082149351,0,0.0,0.0
4844,31050065.332120113,29611479.167492427,14940249.167492427,14972399.513667522,0,0.0,0.0
4845,30197298.08917198,28764048.4733663,14092818.473366302,14392262.304564606,0,0.0,0.0
4846,27473618.016378522,26053307.34970387,11382077.34970387,12536533.21546937,0,0.0,0.0
4847,25081257.142857134,23498227.055581056,8826997.055581056,10787366.987315686,0,0.0,0.0
4848,23404973.248407647,21663309.1422758,6992079.142275799,8561588.466804225,0,0.0,0.0
4849,23324534.121929027,21411817.884901844,6740587.884901844,8373914.82551276,0,0.0,0.0
4850,23532663.33030027,21557980.634376213,6886750.634376213,8482987.783759728,0,0.0,0.0
4851,23457849.317561418,21242677.769861147,6571447.769861147,8247695.164401656,0,0.0,0.0
4852,23276720.655141037,21025646.816202767,6354416.816202767,8085737.290512372,0,0.0,0.0
4853,23756542.857142854,21556305.24377095,6885075.24377095,8481737.534909094,0,0.0,0.0
4854,24800001.455868967,22449220.377099227,7777990.377099227,8302954.327714544,0,0.0,0.0
4855,27080985.077343043,24753138.66810888,10081908.66810888,10081908.66810888,0,0.0,0.0
4856,29615661.32848043,27248171.59672279,12576941.59672279,12576941.59672279,0,0.0,0.0
4857,31379134.48589627,29064154.12847636,14392924.128476359,14050715.410205085,0,0.0,0.0
4858,32833788.898999084,30640717.719371602,15969487.719371602,15183667.026405888,0,0.0,0.0
4859,34394195.45040946,32248814.44428918,17577584.44428918,16339279.013149807,0,0.0,0.0
4860,34270442.94813467,31993062.982101247,17321832.982101247,16155490.655924713,0,0.0,0.0
4861,33939123.7488626,31461751.817205314,16790521.817205314,15773679.32497005,0,0.0,0.0
4862,33954311.55595996,31371848.389122203,16700618.389122203,15709072.838598689,0,0.0,0.0
4863,35046708.64422201,32415253.46325613,17744023.46325613,16458885.578103138,0,0.0,0.0
4864,35847162.329390354,33193846.532987304,18522616.532987304,17018398.864981595,0,0.0,0.0
4865,35819036.76069153,33278315.103852827,18607085.103852827,17079099.74912793,0,0.0,0.0
4866,35000582.71155595,32587927.466600433,17916697.466600433,16582972.733416514,0,0.0,0.0
4867,33771495.35941765,31687095.548539437,17015865.548539437,15935616.049939536,0,0.0,0.0
4868,32626784.7133758,30862500.21269844,16191270.212698441,15343044.571156241,0,0.0,0.0
4869,31710453.685168333,30172526.563178994,15501296.563178994,14847215.055700323,0,0.0,0.0
4870,28007441.310282066,26391275.506369036,11720045.506369036,12089801.2274314,0,0.0,0.0
4871,25746708.098271158,23856000.2229029,9184770.222902901,10197869.280799745,0,0.0,0.0
4872,24790438.762511376,22836165.74290354,8164935.742903542,9900647.230087604,0,0.0,0.0
4873,24854565.059144672,23015606.968931437,8344376.968931437,10047846.894473834,0,0.0,0.0
4874,24744875.3412193,23030432.80413822,8359202.804138221,10060008.859786892,0,0.0,0.0
4875,24959192.174704276,23073687.364793796,8402457.364793796,10095491.546528487,0,0.0,0.0
4876,24701561.96542311,22690561.460184682,8019331.460184682,9781204.769601502,0,0.0,0.0
4877,28362385.98726115,26145659.469114397,11474429.469114397,12615499.199003886,0,0.0,0.0
4878,33505989.99090081,31460869.965957284,16789639.965957284,16975685.643315352,0,0.0,0.0
4879,37010435.85077343,35654237.70379534,20983007.703795344,20342541.966252215,0,0.0,0.0
4880,39178354.68607824,37155247.355014704,22484017.355014704,21539121.350143667,0,0.0,0.0
4881,39854493.357597806,37534747.33487997,22863517.334879972,21841652.28438859,0,0.0,0.0
4882,40977266.060054585,38544632.217958115,23873402.217958115,22646715.349914692,0,0.0,0.0
4883,41968973.61237488,39544726.97832003,24873496.978320032,23443973.89599718,0,0.0,0.0
4884,42203540.85532301,39789687.195669234,25118457.195669234,23639252.01810353,0,0.0,0.0
4885,42082600.9099181,39491421.52835735,24820191.52835735,23401479.697227295,0,0.0,0.0
4886,42096663.69426752,39166141.173005484,24494911.173005484,23142171.72616747,0,0.0,0.0
4887,42730051.50136488,39167741.146706454,24496511.146706454,23143447.1980099,0,0.0,0.0
4888,42885867.15195632,38470986.083606064,23799756.083606064,23362048.08537482,0,0.0,0.0
4889,41858158.871701546,36710537.58689062,22039307.586890623,22039307.586890623,0,0.0,0.0
4890,40401816.924476795,34909254.74295045,20238024.742950447,20238024.742950447,0,0.0,0.0
4891,38283399.090081885,32940833.389591396,18269603.389591396,18269603.389591396,0,0.0,0.0
4892,36330922.11100999,31172708.271383673,16501478.271383673,16739300.138885008,0,0.0,0.0
4893,33906498.08917198,28888306.39080382,14217076.390803821,14865354.014083339,0,0.0,0.0
4894,29798477.52502275,25309305.814549077,10638075.814549077,11929419.52832065,0,0.0,0.0
4895,27672747.042766143,23172755.12300088,8501525.123000879,10176759.05167422,0,0.0,0.0
4896,27243550.8644222,22932401.781819068,8261171.781819068,10262542.564657973,0,0.0,0.0
4897,26717602.72975432,22845803.855023697,8174573.855023697,10191576.26961375,0,0.0,0.0
4898,26464472.611464962,23116357.673178747,8445127.673178747,10413292.917979931,0,0.0,0.0
4899,26404283.894449495,23947045.264403943,9275815.264403943,11094034.62704825,0,0.0,0.0
4900,26376720.837124653,24540183.345855474,9868953.345855474,11580106.449410835,0,0.0,0.0
4901,29310780.163785256,27642998.283665113,12971768.283665113,13377867.742009506,0,0.0,0.0
4902,34025187.98908099,32395082.711613875,17723852.711613875,17723852.711613875,0,0.0,0.0
4903,37580259.87261145,36066691.06317306,21395461.063173063,20969990.172450334,0,0.0,0.0
4904,38935349.77252047,37510998.409597605,22839768.409597605,22114130.39047703,0,0.0,0.0
4905,40219563.239308454,38908521.36242702,24237291.36242702,23221209.309590675,0,0.0,0.0
4906,41044767.42493176,39873491.56115451,25202261.561154507,23985631.934937347,0,0.0,0.0
4907,41791220.01819837,40487211.63188231,25815981.63188231,24471803.95176475,0,0.0,0.0
4908,42136602.00181984,40788535.68298647,26117305.682986468,24710504.507003546,0,0.0,0.0
4909,42212541.03730664,40920350.11505342,26249120.115053423,24814924.243853543,0,0.0,0.0
4910,41953785.80527753,40397372.87244541,25726142.872445412,24400636.17846233,0,0.0,0.0
4911,42228291.35577797,40433676.10766265,25762446.107662648,24429394.594432,0,0.0,0.0
4912,42450483.348498635,40369775.266238526,25698545.266238526,24378774.120320246,0,0.0,0.0
4913,41492526.47861692,39242008.56401618,24570778.56401618,23485388.62051082,0,0.0,0.0
4914,39836492.99363058,37583111.58590886,22911881.58590886,22171256.448494818,0,0.0,0.0
4915,37810889.535941765,35581382.0824388,20910152.082438797,20585541.85928335,0,0.0,0.0
4916,36461987.2611465,34388698.66460497,19717468.66460497,19640731.138008997,0,0.0,0.0
4917,34357069.69972703,32814113.412944477,18142883.412944477,18360524.688564453,0,0.0,0.0
4918,30336238.398544133,28489240.19725039,13818010.197250389,14816326.34558325,0,0.0,0.0
4919,27416804.36760691,25758444.658129774,11087214.658129774,12578461.66329604,0,0.0,0.0
4920,26884106.09645132,25421142.347784575,10749912.347784575,12449744.043831263,0,0.0,0.0
4921,26295719.19927206,25072929.862841967,10401699.862841967,12170776.964675533,0,0.0,0.0
4922,25874398.18016379,24722945.49573752,10051715.49573752,11890390.35918841,0,0.0,0.0
4923,25918836.57870792,24839105.26064365,10167875.26064365,11983450.63626785,0,0.0,0.0
4924,25279823.65787079,24103907.840544958,9432677.840544958,11394454.302832054,0,0.0,0.0
4925,28796082.2565969,27446334.889406834,12775104.889406834,14072207.546704965,0,0.0,0.0
4926,33618492.265696086,32032895.579022843,17361665.579022843,17746686.476326253,0,0.0,0.0
4927,36721867.51592357,35193279.52177031,20522049.521770313,20248352.234304566,0,0.0,0.0
4928,38467340.30937214,36891218.27529463,22219988.27529463,21566740.555916447,0,0.0,0.0
4929,39385358.871701546,37921130.35505286,23249900.35505286,22366430.212225825,0,0.0,0.0
4930,40075560.32757051,38530240.13024672,23859010.13024672,22839382.026611585,0,0.0,0.0
4931,41099893.53958144,39323406.334104836,24652176.334104836,23455247.032397717,0,0.0,0.0
4932,41641591.99272064,39855957.014297165,25184727.014297165,23868753.46540344,0,0.0,0.0
4933,41860971.428571425,40068849.221726775,25397619.221726775,24034056.601017013,0,0.0,0.0
4934,41831158.325750686,40104612.99064233,25433382.99064233,24061825.88019579,0,0.0,0.0
4935,42563548.13466788,40677621.61814838,26006391.61814838,24506746.45293069,0,0.0,0.0
4936,43001744.494995445,41058487.27814504,26387257.278145038,24802474.92794215,0,0.0,0.0
4937,41727093.72156506,39795189.08153997,25123959.081539974,23821569.353073537,0,0.0,0.0
4938,39593488.080072775,37696651.73190263,23025421.73190263,22192130.641880017,0,0.0,0.0
4939,37335004.913557775,35563769.99738216,20892539.997382157,20716450.683391947,0,0.0,0.0
4940,36023790.90081892,34351266.37021828,19680036.370218277,19680036.370218277,0,0.0,0.0
4941,33990312.28389445,32396538.55083988,17725308.55083988,18038015.54145162,0,0.0,0.0
4942,30063982.893539585,28537774.2922301,13866544.2922301,14946603.714123461,0,0.0,0.0
4943,27457305.186533205,25848426.97340511,11177196.973405112,12792059.007055974,0,0.0,0.0
4944,26999983.439490438,25180886.319892984,10509656.319892984,12099293.181672934,0,0.0,0.0
4945,26485848.04367606,24703189.779210895,10031959.779210895,11729658.99968799,0,0.0,0.0
4946,26038088.9899909,24237289.00542041,9566059.00542041,11369152.199365955,0,0.0,0.0
4947,26126965.787079155,24235886.79348273,9564656.793482728,11368067.189493757,0,0.0,0.0
4948,26081402.365787074,24041869.84296509,9370639.842965089,11217939.879186241,0,0.0,0.0
4949,28650954.322111007,26365449.262733065,11694219.262733065,13015889.633807976,0,0.0,0.0
4950,33318111.191992715,30917414.175763924,16246184.175763924,16538129.557609592,0,0.0,0.0
4951,36301671.519563235,33728359.17108325,19057129.17108325,18674347.002157085,0,0.0,0.0
4952,37833389.99090083,35044488.64563316,20373258.64563316,19659149.524991218,0,0.0,0.0
4953,39173292.08371245,36273527.90633967,21602297.906339668,20578786.22336384,0,0.0,0.0
4954,39987808.55323021,36890964.67401174,22219734.674011737,21040787.339706846,0,0.0,0.0
4955,41729343.76706097,38306252.313246734,23635022.313246734,22099785.610474434,0,0.0,0.0
4956,42076413.28480437,38541838.311862364,23870608.311862364,22276064.381117724,0,0.0,0.0
4957,41920035.122838944,37899311.44287776,23228081.442877762,21795289.43169177,0,0.0,0.0
4958,42285667.515923575,37712655.101834476,23041425.101834476,21655622.598665856,0,0.0,0.0
4959,42151789.808917195,37320495.94589115,22649265.94589115,21362186.9347791,0,0.0,0.0
4960,42561860.60054596,37592182.85146099,22920952.851460993,21565478.446138725,0,0.0,0.0
4961,41453713.19381255,36362155.69290373,21690925.692903727,20645102.54671137,0,0.0,0.0
4962,39619926.11464969,34670793.14264851,19999563.14264851,19573281.252484214,0,0.0,0.0
4963,37430631.84713375,32835126.636470374,18163896.636470374,18163896.636470374,0,0.0,0.0
4964,36263420.74613285,32226932.18150125,17555702.18150125,17555702.18150125,0,0.0,0.0
4965,34042625.841674246,30096546.345258303,15425316.345258303,15902954.748486083,0,0.0,0.0
4966,30184360.32757051,26527570.25037392,11856340.250373919,13141336.34222176,0,0.0,0.0
4967,28496826.20564149,24882559.993019745,10211329.993019745,11868452.892059553,0,0.0,0.0
4968,27660934.30391265,24575412.848209284,9904182.848209284,11458936.180776948,0,0.0,0.0
4969,26834605.095541403,24054661.869497493,9383431.869497493,11047243.56830165,0,0.0,0.0
4970,26466722.656960875,23857922.47774744,9186692.47774744,10891706.358622767,0,0.0,0.0
4971,26753603.457688797,24590869.34383881,9919639.34383881,11471155.69706317,0,0.0,0.0
4972,27431429.6633303,25281710.830137614,10610480.830137614,12017317.582354764,0,0.0,0.0
4973,29256779.07188353,27068040.315117024,12396810.315117024,13429544.697572224,0,0.0,0.0
4974,33608929.57233849,31379376.749426723,16708146.749426723,16837978.733148426,0,0.0,0.0
4975,36810181.80163786,34438391.4757605,19767161.475760497,19199417.05643824,0,0.0,0.0
4976,38196772.33848955,35262204.543021135,20590974.543021135,19831472.54953978,0,0.0,0.0
4977,39710490.445859864,36414434.09401062,21743204.09401062,20715499.576979995,0,0.0,0.0
4978,40438942.675159246,36992233.97121322,22321003.97121322,21158805.954133835,0,0.0,0.0
4979,42178790.35486805,38956171.74376044,24284941.743760437,22665601.253431197,0,0.0,0.0
4980,41990349.04458599,38861204.58977455,24189974.58977455,22592739.443238493,0,0.0,0.0
4981,41730468.7898089,38658567.294172876,23987337.294172876,22437269.688166317,0,0.0,0.0
4982,42023537.21565058,38649849.3597569,23978619.3597569,22430581.012597688,0,0.0,0.0
4983,41358648.771610565,37543254.46129003,22872024.46129003,21581566.336804904,0,0.0,0.0
4984,40752824.02183803,36472091.428753614,21800861.428753614,20759736.11144416,0,0.0,0.0
4985,39574925.20473156,35849352.273724586,21178122.273724586,20877280.474482846,0,0.0,0.0
4986,37543134.121929035,34373803.21351844,19702573.21351844,19702573.21351844,0,0.0,0.0
4987,35580531.938125566,31448790.562177643,16777560.562177643,16892855.54583153,0,0.0,0.0
4988,34350319.56323931,30903400.551541604,16232170.551541604,16461683.935070232,0,0.0,0.0
4989,31813393.266606007,28840466.773658346,14169236.773658346,14830780.4301335,0,0.0,0.0
4990,28033316.833484992,24230359.806059916,9559129.806059916,11186145.933283923,0,0.0,0.0
4991,25642080.982711546,21987053.42205949,7315823.422059491,9412644.387312207,0,0.0,0.0
4992,25221322.47497725,21141015.420989554,6469785.420989554,5109002.893195619,0,0.0,0.0
4993,24587934.66787989,19974305.531913266,5303075.531913266,5036060.286066579,0,0.0,0.0
4994,24286991.082802545,19452584.665265646,4781354.665265646,5007776.218098782,0,0.0,0.0
4995,24324116.83348499,19341424.010488905,4670194.010488905,5002409.251853499,0,0.0,0.0
4996,24050736.305732477,18562914.111592464,3891684.111592464,4964714.716041124,0,0.0,0.0
4997,24537308.644222014,18822272.926349834,4151042.9263498336,4977272.565523816,0,0.0,0.0
4998,25332137.215650592,18994970.484255858,4323740.484255858,4985634.378636822,0,0.0,0.0
4999,27415116.83348498,20675781.083316788,6004551.083316788,5079710.615076392,0,0.0,0.0
5000,28479950.864422202,20346703.627096776,5675473.627096776,5058991.103230851,0,0.0,0.0
5001,29824915.559599634,20812850.186375126,6141620.186375126,5088340.817026709,0,0.0,0.0
5002,29376593.99454049,19091650.027955987,4420420.027955987,4990315.488700412,0,0.0,0.0
5003,29844040.946314823,19843232.497353587,5172002.497353587,5028451.231819099,0,0.0,0.0
5004,29913229.845313918,20569808.825846642,5898578.825846642,5073038.345668537,0,0.0,0.0
5005,30510054.413102813,20507771.9187283,5836541.918728299,5076343.4243652485,0,0.0,0.0
5006,29428345.040946312,19781760.57388231,5110530.573882312,5030281.128477342,0,0.0,0.0
5007,30218673.521383073,20554547.567748018,5883317.567748018,5112630.884308387,0,0.0,0.0
5008,30232173.794358514,21217719.665615804,6546489.6656158045,5315764.948618101,0,0.0,0.0
5009,29446345.404913556,20886213.087442003,6214983.087442003,5828458.799375169,0,0.0,0.0
5010,28645329.208371248,19670719.64749465,4999489.647494651,5029235.325756544,0,0.0,0.0
5011,27460680.254777066,19517442.36071245,4846212.36071245,5011388.168736087,0,0.0,0.0
5012,27322302.456778884,19362540.6742844,4691310.674284399,5003431.69593649,0,0.0,0.0
5013,26337345.040946312,18133081.226156335,3461851.2261563353,4943902.712087964,0,0.0,0.0
5014,24118237.67060965,16456712.151428849,1785482.1514288485,4862734.888516749,0,0.0,0.0
5015,22177573.430391267,14926975.168665437,255745.16866543703,4750202.796035545,0,0.0,0.0
5016,21923880.800727934,14892004.598432617,220774.59843261726,1516081.3016456298,0,0.0,0.0
5017,21472184.167424925,14451975.10786643,0.0,1385247.272149031,0,0.0,0.0
5018,21346181.619654234,14315890.141553067,0.0,1255648.9262457637,0,0.0,0.0
5019,21425495.723384894,14505266.379089015,0.0,277680.240064883,0,0.0,0.0
5020,21318618.562329393,13971789.890904743,0.0,0.0,0,0.0,0.0
5021,21892942.67515924,14331538.957081765,0.0,0.0,0,0.0,0.0
5022,23147343.03912647,15077163.124459649,405933.1244596485,405933.1244596485,0,0.0,0.0
5023,24380367.97088262,16147743.256087255,1476513.2560872547,1476513.2560872547,0,0.0,0.0
5024,26688352.138307545,17910281.046828337,3239051.046828337,3239051.046828337,0,0.0,0.0
5025,28967085.714285716,19174654.218139946,4503424.218139946,4019300.3175862217,0,0.0,0.0
5026,30322738.1255687,19921191.796638798,5249961.796638798,4438425.380888405,0,0.0,0.0
5027,31255944.494995452,19427367.68059115,4756137.680591151,4161180.042060585,0,0.0,0.0
5028,31396572.33848954,19448718.308284074,4777488.308284074,4173166.8240271807,0,0.0,0.0
5029,31162005.095541395,19195659.188252993,4524429.188252993,4031093.0386519087,0,0.0,0.0
5030,30705245.85987261,18614831.43038,3943601.4303800017,3705001.656519885,0,0.0,0.0
5031,32001272.06551411,19935135.42138736,5263905.4213873595,4446253.684209928,0,0.0,0.0
5032,32684160.873521388,21599146.280975718,6927916.280975718,5380471.4341896335,0,0.0,0.0
5033,32393342.493175615,22585633.66504531,7914403.66504531,5934310.382426332,0,0.0,0.0
5034,31743079.344858956,22233091.96213852,7561861.962138519,5736384.560869453,0,0.0,0.0
5035,30921812.7388535,21878948.430922363,7207718.430922363,5537559.432417788,0,0.0,0.0
5036,30595556.141947217,21879459.206290103,7208229.2062901035,5537846.19461771,0,0.0,0.0
5037,29028961.96542311,20434276.161385663,5763046.161385663,4726483.910087045,0,0.0,0.0
5038,26175904.276615106,17309059.47619178,2637829.4761917815,2948460.893395436,0,0.0,0.0
5039,24158175.97816196,14792239.33405279,121009.33405278996,1456959.049197778,0,0.0,0.0
5040,23785230.937215652,14246313.679872684,0.0,2230055.5230522584,0,0.0,0.0
5041,23674978.707916286,14459128.495785292,0.0,2230055.5230522584,0,0.0,0.0
5042,23254220.20018198,14747977.137571257,76747.13757125661,2292566.096438722,0,0.0,0.0
5043,23000527.57051865,15427115.562729558,755885.562729558,2845724.6077383664,0,0.0,0.0
5044,24056923.93084622,18210958.314214833,3539728.314214833,5113165.611013891,0,0.0,0.0
5045,27193487.352138307,21677921.817927103,7006691.8179271035,7937008.732534598,0,0.0,0.0
5046,31330758.5077343,25573879.808137175,10902649.808137175,11110268.030075036,0,0.0,0.0
5047,34914518.471337564,29228570.744731527,14557340.744731527,14006533.382926393,0,0.0,0.0
5048,36370860.41856233,29693151.781350352,15021921.781350352,14370196.983622093,0,0.0,0.0
5049,37217440.03639673,30288833.34671268,15617603.346712679,14836483.133621484,0,0.0,0.0
5050,37768701.18289354,30430799.277589947,15759569.277589947,14947610.875672009,0,0.0,0.0
5051,38701345.040946305,31404136.891077057,16732906.891077057,15709517.697761497,0,0.0,0.0
5052,38316024.74977252,31340732.3464733,16669502.346473299,15659886.044349877,0,0.0,0.0
5053,38059519.56323931,31878698.260026604,17207468.260026604,16080993.678441416,0,0.0,0.0
5054,37689949.590536855,31985548.689157736,17314318.689157736,16164633.794440357,0,0.0,0.0
5055,38292961.7834395,32248908.7884015,17577678.7884015,16370786.164902145,0,0.0,0.0
5056,39124353.59417652,33820739.728549466,19149509.728549466,17601180.120581653,0,0.0,0.0
5057,38452152.5022748,33032704.841293987,18361474.841293987,16984324.110575605,0,0.0,0.0
5058,37311379.43585078,32108883.5620532,17437653.5620532,16261177.562767508,0,0.0,0.0
5059,35829161.965423115,30809997.405615784,16138767.405615784,15430822.21059784,0,0.0,0.0
5060,34427946.13284805,28548631.30318107,13877401.30318107,13875207.98216044,0,0.0,0.0
5061,31603576.524112836,25059567.882778212,10388337.882778212,10691360.766936602,0,0.0,0.0
5062,28006316.28753413,21952112.738917187,7280882.738917187,8160337.344269976,0,0.0,0.0
5063,26467847.67970882,20681954.164404463,6010724.164404463,7125792.69156804,0,0.0,0.0
5064,25622393.084622376,20215843.69724789,5544613.697247889,7376719.584194203,0,0.0,0.0
5065,25121195.450409465,19948879.052420642,5277649.052420642,7180703.032833237,0,0.0,0.0
5066,24921503.912647866,20267015.452883787,5595785.452883787,7414292.016578741,0,0.0,0.0
5067,24778063.51228389,20371547.801275685,5700317.801275685,7491044.016644901,0,0.0,0.0
5068,25675831.665150136,21821245.701245617,7150015.701245617,8555472.540696165,0,0.0,0.0
5069,27704247.679708824,23640207.558958046,8968977.558958046,9891030.028604874,0,0.0,0.0
5070,31394884.804367594,27420948.346077107,12749718.346077107,12656395.128513876,0,0.0,0.0
5071,33897497.907188356,29609836.719271004,14938606.719271004,14188941.558203308,0,0.0,0.0
5072,34363257.32484076,28909031.547262702,14237801.547262702,13698274.022379141,0,0.0,0.0
5073,35382527.9344859,29761353.18450202,15090123.18450202,14295025.550732419,0,0.0,0.0
5074,35234587.44313013,28841224.648295112,14169994.648295112,13650799.138692204,0,0.0,0.0
5075,37178064.24021837,31002851.37204931,16331621.37204931,15164258.371415399,0,0.0,0.0
5076,37063874.43130118,30697549.040171623,16026319.040171623,14950501.468859293,0,0.0,0.0
5077,37023373.61237488,30815280.69450979,16144050.69450979,15032931.084150326,0,0.0,0.0
5078,37131938.30755232,31135714.732071742,16464484.732071742,15257282.424415326,0,0.0,0.0
5079,38189459.690627836,31953076.875627227,17281846.875627227,15829557.123394826,0,0.0,0.0
5080,39021976.52411283,32383706.32385104,17712476.32385104,16131061.59090294,0,0.0,0.0
5081,38575905.00454958,31536554.15062061,16865324.15062061,15537929.453884212,0,0.0,0.0
5082,36904121.2010919,30128869.35851588,15457639.358515881,15107602.105086684,0,0.0,0.0
5083,35252587.80709735,29169095.459481284,14497865.459481284,14497865.459481284,0,0.0,0.0
5084,33979062.05641492,28234579.76090572,13563349.76090572,13563349.76090572,0,0.0,0.0
5085,30798060.236578703,25045399.289894696,10374169.289894696,10922780.271328527,0,0.0,0.0
5086,26810417.10646042,21314477.307268176,6643247.307268176,8183382.0978194615,0,0.0,0.0
5087,24628435.486806184,19531259.90134273,4860029.901342731,6874069.673837114,0,0.0,0.0
5088,24214427.115559597,20218196.367747918,5546966.367747918,7201036.222387306,0,0.0,0.0
5089,23769480.61874431,19577967.958781384,4906737.958781384,6688689.815180113,0,0.0,0.0
5090,23681728.844404,19396149.535877638,4724919.535877638,6543188.59337525,0,0.0,0.0
5091,23732354.86806187,19980399.878609877,5309169.878609877,7010738.236309143,0,0.0,0.0
5092,24268428.20746133,20014567.41232605,5343337.412326049,7038080.998513134,0,0.0,0.0
5093,27032609.09918108,23248882.42587186,8577652.42587186,9598951.668970218,0,0.0,0.0
5094,30975251.319381252,27111594.11502838,12440364.115028381,12440364.115028381,0,0.0,0.0
5095,34343569.42675159,30275992.471779622,15604762.471779622,15207112.250145525,0,0.0,0.0
5096,35840412.19290264,31689564.875572,17018334.875572,16304374.922604544,0,0.0,0.0
5097,36955309.73612375,32896792.185001336,18225562.185001336,17241465.559246942,0,0.0,0.0
5098,37169626.56960874,33218208.833566222,18546978.833566222,17490960.024356015,0,0.0,0.0
5099,37816514.64968153,33908113.95906316,19236883.959063157,18026487.69857703,0,0.0,0.0
5100,38026893.90354869,34297121.58703026,19625891.58703026,18328448.566180956,0,0.0,0.0
5101,37957142.49317561,34322867.913731165,19651637.913731165,18348433.735080738,0,0.0,0.0
5102,38204647.497725196,34545674.359378204,19874444.359378204,18521383.62808646,0,0.0,0.0
5103,38525278.98089171,34697317.59347868,20026087.59347868,18639094.2312809,0,0.0,0.0
5104,39030414.194722466,35213866.535860084,20542636.535860084,19040056.977478195,0,0.0,0.0
5105,38654656.596906275,34680584.51108719,20009354.511087187,18626105.4472228,0,0.0,0.0
5106,37338942.49317562,32588563.540175386,17917333.540175386,17002208.068337534,0,0.0,0.0
5107,35294776.16014559,29709597.831700254,15038367.831700254,14767457.58882601,0,0.0,0.0
5108,33946998.90809827,27915293.051423274,13244063.051423274,13360681.399915865,0,0.0,0.0
5109,30909999.999999993,25231990.519970708,10560760.519970708,11213353.364818389,0,0.0,0.0
5110,26868918.28935396,21415857.360223673,6744627.360223673,8159471.20895354,0,0.0,0.0
5111,25088569.79071883,20594319.218980502,5923089.218980502,7502030.662494413,0,0.0,0.0
5112,24402868.425841667,20426850.77851451,5755620.778514508,7686392.013858972,0,0.0,0.0
5113,24155925.932666056,20586917.843972575,5915687.843972575,7818192.942276786,0,0.0,0.0
5114,23970859.69062784,20352091.595457084,5680861.5954570845,7624834.50540757,0,0.0,0.0
5115,24103612.374886263,20233409.515065968,5562179.515065968,7527110.414962462,0,0.0,0.0
5116,24641373.248407643,20891664.61188165,6220434.611881651,8069124.680344211,0,0.0,0.0
5117,27341427.84349408,23682436.353016842,9011206.353016842,9432027.155474529,0,0.0,0.0
5118,31748704.458598737,28063397.826345492,13392167.826345492,13392167.826345492,0,0.0,0.0
5119,35055146.31483166,31050715.355937537,16379485.355937537,16379485.355937537,0,0.0,0.0
5120,36457487.17015468,32715344.585596498,18044114.585596498,17769948.937993612,0,0.0,0.0
5121,37481257.87079164,34329982.37138747,19658752.371387467,19057935.168326594,0,0.0,0.0
5122,38480278.07097362,35597392.51307446,20926162.513074458,20068940.128722403,0,0.0,0.0
5123,39840430.573248394,36919970.746598504,22248740.746598504,21123952.32297909,0,0.0,0.0
5124,40383816.56050956,37929065.412477285,23257835.412477285,21928900.681175496,0,0.0,0.0
5125,40512069.15377615,38183928.68682483,23512698.68682483,22132203.48435892,0,0.0,0.0
5126,40823700.45495904,38380959.01151112,23709729.011511117,22289373.313646466,0,0.0,0.0
5127,41443587.98908098,38941176.16524894,24269946.165248938,22736254.95258765,0,0.0,0.0
5128,41896972.15650591,39234194.0416704,24562964.041670397,22969993.437710114,0,0.0,0.0
5129,41391274.4313012,38630970.87760805,23959740.877608053,22488806.17951053,0,0.0,0.0
5130,39848305.73248408,36859695.84313064,22188465.84313064,21075871.41815669,0,0.0,0.0
5131,37607822.929936305,34522964.34921061,19851734.349210612,19211875.657225084,0,0.0,0.0
5132,36521050.95541401,33524478.313437972,18853248.313437972,18415389.735384148,0,0.0,0.0
5133,33649430.39126478,30758650.344546605,16087420.344546605,16193705.93963692,0,0.0,0.0
5134,29495283.894449502,26772003.187671974,12100773.187671974,12911058.162927505,0,0.0,0.0
5135,27878626.20564149,25045138.475839984,10373908.475839984,11489139.346460862,0,0.0,0.0
5136,27037671.701546855,23693036.876492426,9021806.876492426,10800075.524534153,0,0.0,0.0
5137,26538724.11282984,23410350.039874323,8739120.039874323,10570551.029767929,0,0.0,0.0
5138,26281656.414922647,23795848.637821883,9124618.637821883,10883552.41315578,0,0.0,0.0
5139,26126965.787079155,23777781.767885525,9106551.767885525,10868883.215099873,0,0.0,0.0
5140,25814771.974522293,23388345.56451063,8717115.564510629,10552684.735918274,0,0.0,0.0
5141,28601453.321201086,26453861.090943962,11782631.090943962,13041696.643300375,0,0.0,0.0
5142,33059355.959963605,30913584.468396887,16242354.468396887,16662720.413819527,0,0.0,0.0
5143,36987372.8844404,35073071.49222224,20401841.492222242,19992340.286805615,0,0.0,0.0
5144,38775596.54231119,37111200.178463645,22439970.178463645,21596744.132497903,0,0.0,0.0
5145,39565362.51137398,38095452.180642344,23424222.180642344,22371541.96939896,0,0.0,0.0
5146,40504756.50591446,39047832.05431432,24376602.054314323,23121250.239634395,0,0.0,0.0
5147,42006099.36305732,40565297.542531215,25894067.542531215,24315790.840252843,0,0.0,0.0
5148,41365961.41947225,39760013.90682364,25088783.906823643,23681875.930598695,0,0.0,0.0
5149,41072330.482256606,39585947.80852343,24914717.80852343,23544852.042262893,0,0.0,0.0
5150,41734968.88080072,40343581.863277584,25672351.863277584,24141257.46027241,0,0.0,0.0
5151,41049267.51592356,39385375.33991508,24714145.33991508,23386962.48300807,0,0.0,0.0
5152,40840013.28480435,38916536.11996547,24245306.11996547,23017894.79234832,0,0.0,0.0
5153,39751553.77616013,37600696.581868775,22929466.581868775,22253197.92083065,0,0.0,0.0
5154,38010581.07370337,35687426.14285777,21016196.142857768,21016196.142857768,0,0.0,0.0
5155,36059791.62875342,33917751.76989263,19246521.769892633,19246521.769892633,0,0.0,0.0
5156,34972457.14285714,32918440.221646667,18247210.221646667,18290541.183081158,0,0.0,0.0
5157,32415842.948134672,30595759.62755684,15924529.627556842,16404665.999646297,0,0.0,0.0
5158,29074525.386715204,27462022.513835326,12790792.513835326,13860262.318307549,0,0.0,0.0
5159,26618038.2165605,24982426.704063226,10311196.704063226,11846981.536396718,0,0.0,0.0
5160,25908148.862602364,24147004.744823575,9475774.744823575,10818415.0663086,0,0.0,0.0
5161,25558829.299363058,23855720.506149992,9184490.506149992,10635765.97858652,0,0.0,0.0
5162,25511015.832575068,23765755.593039498,9094525.593039498,10579353.694209397,0,0.0,0.0
5163,25314136.85168335,23419766.998632606,8748536.998632606,10362402.370586699,0,0.0,0.0
5164,24779751.04640583,22361508.49870864,7690278.498708639,9698823.900067896,0,0.0,0.0
5165,25037381.255686995,22712719.186135113,8041489.186135113,9919049.724674135,0,0.0,0.0
5166,27170986.89717925,24727651.64893888,10056421.64893888,10923671.971665349,0,0.0,0.0
5167,30405427.29754322,27081123.56249152,12409893.562491521,12409893.562491521,0,0.0,0.0
5168,32153150.136487715,28838873.08050242,14167643.08050242,13726522.905986175,0,0.0,0.0
5169,33401925.38671519,30316102.93310131,15644872.933101311,14607112.982295873,0,0.0,0.0
5170,34015625.295723386,30793792.95449868,16122562.954498678,14891868.324637923,0,0.0,0.0
5171,35100709.736123756,32038378.03079971,17367148.03079971,15633776.745582487,0,0.0,0.0
5172,34699076.61510464,31301549.779263437,16630319.779263437,15194546.760414004,0,0.0,0.0
5173,33983562.14740673,30283714.195597105,15612484.195597105,14587805.76292156,0,0.0,0.0
5174,34188316.28753412,29929011.908067785,15257781.908067785,14376364.521131625,0,0.0,0.0
5175,34579824.203821644,30362723.72067704,15691493.72067704,14634904.05544316,0,0.0,0.0
5176,35741972.70245677,31415380.589588366,16744150.589588366,15262402.336019978,0,0.0,0.0
5177,35417966.15104642,31053248.04395914,16382018.04395914,15046531.850171855,0,0.0,0.0
5178,34147815.46860783,30227358.849901937,15556128.849901937,14554211.831632633,0,0.0,0.0
5179,32425405.64149227,29043639.102436826,14372409.102436826,13848585.783718862,0,0.0,0.0
5180,31893269.881710645,29025342.626891688,14354112.626891688,13837679.089159349,0,0.0,0.0
5181,30440303.002729747,27929604.041636676,13258374.041636676,13184499.407806683,0,0.0,0.0
5182,27600745.586897172,25333618.44128994,10662388.441289939,11562478.356945427,0,0.0,0.0
5183,25529016.19654231,23491920.366498087,8820690.366498087,10407645.967963329,0,0.0,0.0
5184,24594684.804367613,22665829.79171233,7994599.791712329,9517218.914899305,0,0.0,0.0
5185,24223989.808917195,22407612.830613937,7736382.830613937,9329980.08790852,0,0.0,0.0
5186,24356179.98180164,22849756.37040622,8178526.370406222,9650588.143243486,0,0.0,0.0
5187,24156488.444040034,23319640.51336072,8648410.51336072,9991311.523203203,0,0.0,0.0
5188,23834731.938125566,22675894.595940895,8004664.595940895,9524517.126951804,0,0.0,0.0
5189,24125550.31847134,23027899.261098027,8356669.261098027,9779763.491555216,0,0.0,0.0
5190,24440556.68789809,23433122.977597464,8761892.977597464,10073600.166820288,0,0.0,0.0
5191,26923481.892629657,25973685.49799854,11302455.49799854,11915818.215523116,0,0.0,0.0
5192,28990148.68061874,28044683.49755738,13373453.49755738,13417544.649325833,0,0.0,0.0
5193,31113066.606005464,30197049.01651507,15525819.016515069,14921476.78226198,0,0.0,0.0
5194,32409655.323020928,31428804.330124665,16757574.330124665,15779558.858803827,0,0.0,0.0
5195,34147815.46860783,33126490.879932087,18455260.879932087,16962224.266357027,0,0.0,0.0
5196,34323881.52866241,33231837.960787266,18560607.960787266,17035612.577248838,0,0.0,0.0
5197,33993124.84076433,32736664.91140674,18065434.91140674,16690658.418118937,0,0.0,0.0
5198,34021812.920837134,32541026.9754195,17869796.9754195,16554370.468306608,0,0.0,0.0
5199,34789640.946314834,32982340.72714237,18311110.72714237,16861804.433722284,0,0.0,0.0
5200,35597969.79071883,33309498.366914805,18638268.366914805,17089713.42164441,0,0.0,0.0
5201,35477029.84531392,32728750.476826694,18057520.476826694,16685144.957463175,0,0.0,0.0
5202,34489259.87261146,31486073.266069356,16814843.266069356,15819454.32094131,0,0.0,0.0
5203,32857976.888080064,30140220.556665357,15468990.556665357,14881888.17055012,0,0.0,0.0
5204,32397280.072793443,29717245.73532622,15046015.73532622,14959004.027445612,0,0.0,0.0
5205,30655744.858962692,27626695.172892973,12955465.172892973,13114452.074488401,0,0.0,0.0
5206,27137798.726114657,24140786.308180206,9469556.308180206,10586742.492402134,0,0.0,0.0
5207,25313574.340309374,22183403.55298346,7512173.552983459,9167400.98402081,0,0.0,0.0
5208,24574996.90627844,21388239.2790547,6717009.279054701,8581892.8242711,0,0.0,0.0
5209,24229052.411282986,20787937.378558658,6116707.378558658,8089512.697869224,0,0.0,0.0
5210,23999547.770700634,20260040.152250484,5588810.152250484,7656520.393826818,0,0.0,0.0
5211,24069299.1810737,20007861.04777734,5336631.04777734,7449677.838049807,0,0.0,0.0
5212,24087299.545040943,20227220.3999545,5555990.399954502,7629600.949176347,0,0.0,0.0
5213,27520868.971792538,24080572.39606184,9409342.396061841,10160572.933609474,0,0.0,0.0
5214,31993959.417652413,28724799.077263325,14053569.077263325,14053569.077263325,0,0.0,0.0
5215,35449466.78798908,32491506.261234533,17820276.261234533,17670626.891978268,0,0.0,0.0
5216,37399693.72156505,34694084.82434509,20022854.82434509,19421928.177259408,0,0.0,0.0
5217,37627510.828025475,35202257.23994846,20531027.23994846,19825983.233226985,0,0.0,0.0
5218,38106208.00727935,35676145.121111564,21004915.121111564,20202778.172240656,0,0.0,0.0
5219,39466360.50955413,36881373.046738416,22210143.046738416,21161071.896949496,0,0.0,0.0
5220,39883743.949044585,37382002.72870643,22710772.728706427,21559129.61900518,0,0.0,0.0
5221,40211125.56869881,37752981.90734267,23081751.907342672,21854100.39700125,0,0.0,0.0
5222,41165144.85896269,38815275.26347616,24144045.263476163,22698744.829259273,0,0.0,0.0
5223,41063330.30027298,38483529.247978516,23812299.247978516,22434968.89270089,0,0.0,0.0
5224,41896972.15650591,39250928.15315685,24579698.153156847,23045138.58719939,0,0.0,0.0
5225,41914972.52047316,39098812.66213679,24427582.662136793,22924189.4145359,0,0.0,0.0
5226,39630051.31938126,36878636.34307195,22207406.343071952,21158895.90526013,0,0.0,0.0
5227,37445819.65423113,34830211.30423831,20158981.304238312,19530164.26163368,0,0.0,0.0
5228,36659991.26478617,34359532.43554514,19688302.43554514,19155920.853701424,0,0.0,0.0
5229,33761932.666060045,31847869.980075315,17176639.980075315,17161378.35078797,0,0.0,0.0
5230,29738288.808007274,28158054.961630676,13486824.961630676,14134636.699893929,0,0.0,0.0
5231,27696935.031847138,26273364.420912296,11602134.420912296,12588774.24984918,0,0.0,0.0
5232,27260426.20564149,25965289.61866052,11294059.61866052,12812024.114297623,0,0.0,0.0
5233,26740665.696087353,25412645.197251588,10741415.197251588,12372024.20987015,0,0.0,0.0
5234,26315969.60873521,24802242.46431446,10131012.46431446,11886038.766517846,0,0.0,0.0
5235,26222592.720655147,24649940.110759452,9978710.110759452,11764779.927357873,0,0.0,0.0
5236,26114028.025477704,24778135.43070252,10106905.430702519,11866845.426144958,0,0.0,0.0
5237,29753476.61510464,28431848.896342028,13760618.896342028,14775829.05722578,0,0.0,0.0
5238,33530177.97998181,31995448.93297875,17324218.93297875,17613066.917223334,0,0.0,0.0
5239,35990602.729754314,34504953.58731323,19833723.587313227,19586819.065192457,0,0.0,0.0
5240,38107895.54140127,36509625.812643915,21838395.812643915,21138353.90649174,0,0.0,0.0
5241,39255981.25568699,37752813.561269626,23081583.561269626,22100530.706218194,0,0.0,0.0
5242,39718365.605095536,38151094.19144092,23479864.191440918,22408783.72958888,0,0.0,0.0
5243,40987953.77616015,39139403.39318703,24468173.39318703,23173694.891179297,0,0.0,0.0
5244,41670280.07279344,39737481.13703092,25066251.137030922,23636582.7616522,0,0.0,0.0
5245,41715843.494085535,39493620.228364795,24822390.228364795,23447844.32778478,0,0.0,0.0
5246,40720198.36214741,38550844.72189457,23879614.72189457,22718174.39604778,0,0.0,0.0
5247,41953785.80527753,39203747.15097882,24532517.15097882,23223494.345061406,0,0.0,0.0
5248,42267667.15195632,39855380.6013587,25184150.601358697,23727832.156123612,0,0.0,0.0
5249,41062205.277525015,38812018.977543086,24140788.977543086,23774213.27922321,0,0.0,0.0
5250,38999476.06915378,36967092.49702571,22295862.497025713,22295862.497025713,0,0.0,0.0
5251,37153313.73976343,35061783.53743266,20390553.537432663,20390553.537432663,0,0.0,0.0
5252,36028853.503184706,33716966.779919595,19045736.779919595,19045736.779919595,0,0.0,0.0
5253,32666723.02092811,30567715.396051392,15896485.396051392,16476345.73546535,0,0.0,0.0
5254,28530014.376706094,26334245.062464062,11663015.062464062,13105776.0345607,0,0.0,0.0
5255,26283343.949044585,23608236.335060894,8937006.335060894,10935404.75592203,0,0.0,0.0
5256,26186029.48134667,23077742.70089714,8406512.700897139,10097742.779751481,0,0.0,0.0
5257,25804646.769790713,22735671.211564936,8064441.211564936,9840895.780446565,0,0.0,0.0
5258,25108820.20018198,21973531.21430906,7302301.214309059,9268637.122680074,0,0.0,0.0
5259,25288823.839854408,22113285.342097305,7442055.342097305,9373572.580566272,0,0.0,0.0
5260,25680894.267515928,22093405.592234217,7422175.592234217,9358645.71802875,0,0.0,0.0
5261,28080005.277525023,24670838.627026677,9999608.627026677,10451268.474284412,0,0.0,0.0
5262,32430468.24385805,29479938.508157946,14808708.508157946,14808708.508157946,0,0.0,0.0
5263,35479279.89080981,32368506.946017154,17697276.946017154,16999629.68316221,0,0.0,0.0
5264,36801744.131028205,33659961.180712886,18988731.180712886,17931114.323098473,0,0.0,0.0
5265,37592635.12283895,33762522.90362881,19091292.90362881,18005088.814005684,0,0.0,0.0
5266,38384651.13739763,34817566.26548953,20146336.265489534,18766057.85157405,0,0.0,0.0
5267,39087227.84349408,34715691.01993419,20044461.019934192,18692578.49483409,0,0.0,0.0
5268,38152896.451319374,33764127.90456168,19092897.904561684,18006246.44985209,0,0.0,0.0
5269,38108458.05277525,33404753.27487097,18733523.27487097,17747041.02193494,0,0.0,0.0
5270,38120270.791628756,33226431.798228122,18555201.798228122,17618423.443393584,0,0.0,0.0
5271,39016913.92174704,35434699.637171835,20763469.637171835,19211176.417195972,0,0.0,0.0
5272,39855618.38034577,34440942.61508954,19769712.615089543,18494411.256627545,0,0.0,0.0
5273,39447235.12283895,33712134.464953884,19040904.464953884,17968745.244566604,0,0.0,0.0
5274,37951236.12374886,32161827.37943354,17490597.37943354,16850558.32121287,0,0.0,0.0
5275,36127292.99363057,31076014.967167884,16404784.967167884,16067396.551554114,0,0.0,0.0
5276,35342027.11555959,30991979.400323693,16320749.400323693,16006784.384571562,0,0.0,0.0
5277,32339341.40127389,28616544.727675613,13945314.727675613,14256594.729381422,0,0.0,0.0
5278,28434387.443130113,25358179.9187462,10686949.9187462,11810026.541403895,0,0.0,0.0
5279,26442534.667879887,23826846.349523433,9155616.349523433,10660212.995242534,0,0.0,0.0
5280,25894086.07825296,23397600.882264256,8726370.882264256,10514561.055596394,0,0.0,0.0
5281,25609455.323020916,23379256.708956975,8708026.708956975,10500721.64766247,0,0.0,0.0
5282,25782146.31483166,23712407.1521171,9041177.1521171,10752060.577415666,0,0.0,0.0
5283,25760770.88262057,23850309.501572926,9179079.501572926,10856098.346640602,0,0.0,0.0
5284,25908148.862602364,23851033.357874535,9179803.357874535,10856644.446073687,0,0.0,0.0
5285,28576140.309372153,26299539.221554607,11628309.221554607,12703872.495462704,0,0.0,0.0
5286,32659410.373066418,30298833.319636084,15627603.319636084,15721062.833993714,0,0.0,0.0
5287,35631720.47315742,33190769.55874928,18519539.55874928,17824568.37736783,0,0.0,0.0
5288,36914246.40582347,34355672.70221089,19684442.70221089,18667120.831371572,0,0.0,0.0
5289,37513602.274795264,34568003.90401313,19896773.904013127,18820695.98149815,0,0.0,0.0
5290,37965017.65241127,34663616.650207415,19992386.650207415,18889850.875956286,0,0.0,0.0
5291,38872348.49863511,35435486.05649647,20764256.05649647,19448129.44708856,0,0.0,0.0
5292,38726095.54140128,35554992.64530568,20883762.64530568,19534566.30687041,0,0.0,0.0
5293,38796971.97452229,35754885.90784858,21083655.90784858,19679145.330319393,0,0.0,0.0
5294,38312649.68152866,34351302.0245929,19680072.0245929,18663959.602754954,0,0.0,0.0
5295,39162041.85623294,34493579.97475476,19822349.97475476,18766866.55835237,0,0.0,0.0
5296,39781929.390354864,34390056.21311869,19718826.213118687,18691989.775759976,0,0.0,0.0
5297,39481548.31665149,33731656.33146003,19060426.33146003,18215781.569849547,0,0.0,0.0
5298,38261461.1464968,32872364.320240963,18201134.320240963,17594271.87883181,0,0.0,0.0
5299,36464237.3066424,32192235.59206804,17521005.59206804,17278080.816094577,0,0.0,0.0
5300,35235149.954504095,33188858.21509812,18517628.21509812,18517628.21509812,0,0.0,0.0
5301,31946145.95086443,29241605.385609627,14570375.385609627,14923457.599184927,0,0.0,0.0
5302,27901689.171974514,25364504.01448737,10693274.01448737,11998453.208018208,0,0.0,0.0
5303,25573454.59508644,21306196.504263993,6634966.504263993,8936741.33828905,0,0.0,0.0
5304,25063256.778889902,20485922.303070664,5814692.303070664,7607499.607150453,0,0.0,0.0
5305,24941191.810737032,20516493.708464682,5845263.708464682,7630651.994506755,0,0.0,0.0
5306,25033443.67606916,21059865.189221732,6388635.189221732,8042158.9840845615,0,0.0,0.0
5307,24953004.54959053,20592873.66749669,5921643.667496689,7688496.191558738,0,0.0,0.0
5308,24843314.83166515,20141229.96383489,5469999.963834889,7346456.634023078,0,0.0,0.0
5309,27554619.654231124,22930759.915842343,8259529.915842343,9199152.595476186,0,0.0,0.0
5310,32072711.010009095,27655118.692276765,12983888.692276765,12983888.692276765,0,0.0,0.0
5311,35606407.46132847,30445181.50848952,15773951.50848952,15070212.114431683,0,0.0,0.0
5312,37092562.511373974,31913894.69348901,17242664.69348901,16137061.219735358,0,0.0,0.0
5313,38213085.16833484,32963912.890452456,18292682.890452456,16899777.170966778,0,0.0,0.0
5314,38394213.830755234,32872905.55162928,18201675.55162928,16833670.936617408,0,0.0,0.0
5315,38915661.8744313,33568931.222872645,18897701.222872645,17339252.538402136,0,0.0,0.0
5316,38956162.69335759,33263777.83522143,18592547.83522143,17117594.13571258,0,0.0,0.0
5317,38347525.38671519,31736410.67519887,17065180.67519887,16008139.747488482,0,0.0,0.0
5318,37050936.66969973,29967733.39552164,15296503.39552164,14723401.656575767,0,0.0,0.0
5319,37955454.95905368,31060783.71941656,16389553.719416559,15517375.43716764,0,0.0,0.0
5320,38863348.31665149,32311796.159531638,17640566.159531638,16426090.301371025,0,0.0,0.0
5321,38528654.04913559,32210260.133453716,17539030.133453716,16352336.201739,0,0.0,0.0
5322,36860807.82529572,30495288.71101296,15824058.71101296,15106609.162355937,0,0.0,0.0
5323,34576449.13557779,28281133.842270818,13609903.842270818,13498283.476410566,0,0.0,0.0
5324,33564491.17379435,29475692.506789856,14804462.506789856,14365991.2463761,0,0.0,0.0
5325,30771059.690627847,26707211.343976375,12035981.343976375,12319016.525465043,0,0.0,0.0
5326,27086610.1910828,21960006.899898402,7288776.899898402,8723855.794962255,0,0.0,0.0
5327,24888878.25295723,20114805.52451555,5443575.524515551,7326444.83388143,0,0.0,0.0
5328,24321866.787989076,19502802.604723416,4831572.604723416,6357414.598784454,0,0.0,0.0
5329,23997297.725204732,21207976.35266049,6536746.352660488,7663235.674131828,0,0.0,0.0
5330,23735729.936305728,19379237.626975987,4708007.626975987,6262788.60990055,0,0.0,0.0
5331,23703666.78798908,19818179.28556612,5146949.285566121,6598929.879567858,0,0.0,0.0
5332,23154655.686988167,19916158.61785949,5244928.61785949,6673962.395880011,0,0.0,0.0
5333,23973109.736123748,21047742.922100745,6376512.922100745,7540529.00517609,0,0.0,0.0
5334,26397533.757961784,23348099.93993993,8676869.939939931,9302141.086262679,0,0.0,0.0
5335,29448032.93903549,26675062.144270543,12003832.144270543,11833422.22073138,0,0.0,0.0
5336,31802705.55050045,29457960.148428634,14786730.148428634,13894700.682261942,0,0.0,0.0
5337,33010417.470427662,30930842.67593815,16259612.675938152,14985657.313005788,0,0.0,0.0
5338,33435113.557779796,31621732.346335307,16950502.346335307,15497395.793810977,0,0.0,0.0
5339,34558448.77161056,32839941.32622359,18168711.32622359,16399717.017274752,0,0.0,0.0
5340,34017875.34121929,32358269.096791275,17687039.096791275,16042944.835699013,0,0.0,0.0
5341,33266360.145586893,31263311.64889763,16592081.64889763,15231915.397946233,0,0.0,0.0
5342,32955853.867151953,30745488.45763976,16074258.457639761,14848366.381983008,0,0.0,0.0
5343,33454238.944495004,30851030.283422768,16179800.283422768,14926540.677969445,0,0.0,0.0
5344,34255817.65241128,30947385.642418195,16276155.642418195,14997910.604518516,0,0.0,0.0
5345,33820433.84895359,28997532.23741165,14326302.237411652,14168057.796780784,0,0.0,0.0
5346,32792163.057324838,27321127.33668908,12649897.336689081,12649897.336689081,0,0.0,0.0
5347,31905645.13193813,26649662.216962945,11978432.216962945,11978432.216962945,0,0.0,0.0
5348,31023627.29754322,25446447.483000055,10775217.483000055,10909054.42776013,0,0.0,0.0
5349,28499076.251137394,22168929.649892572,7497699.649892572,8399133.15640794,0,0.0,0.0
5350,25666831.483166512,18801274.88131521,4130044.881315209,5820185.071720034,0,0.0,0.0
5351,23534913.37579618,16744393.647706468,2073163.6477064677,4245026.606148865,0,0.0,0.0
5352,22745147.406733394,16325814.861609077,1654584.861609077,3366726.1146845003,0,0.0,0.0
5353,22792960.87352138,16562195.556122309,1890965.5561223086,3553577.3478343207,0,0.0,0.0
5354,22441953.776160136,15743417.699775428,1072187.6997754276,2906360.14403844,0,0.0,0.0
5355,21955381.437670603,17811108.764472492,3139878.764472492,4540802.525245203,0,0.0,0.0
5356,22224824.385805268,15249040.601778895,577810.6017788947,2515571.1644565566,0,0.0,0.0
5357,23060153.776160143,15778212.373560658,1106982.3735606577,1436786.4609371338,0,0.0,0.0
5358,23819544.131028213,19290010.155103214,4618780.155103214,4618780.155103214,0,0.0,0.0
5359,26714790.17288444,19085308.714771256,4414078.714771256,4414078.714771256,0,0.0,0.0
5360,29585848.22565969,22699763.35778383,8028533.357783832,8028533.357783832,0,0.0,0.0
5361,31594013.83075524,25578558.363852397,10907328.363852397,10652499.05633696,0,0.0,0.0
5362,33459301.54686078,27401692.88381417,12730462.883814171,12046270.352870373,0,0.0,0.0
5363,34192253.86715195,27776170.718056243,13104940.718056243,12332555.567065947,0,0.0,0.0
5364,34112377.25204731,27860168.74306037,13188938.743060369,12396771.364054255,0,0.0,0.0
5365,33336674.067333944,27850676.132352665,13179446.132352665,12389514.341498487,0,0.0,0.0
5366,33468864.240218375,27561169.692555115,12889939.692555115,12168189.057196442,0,0.0,0.0
5367,34223754.50409462,29516156.817744717,14844926.817744717,13662760.58241707,0,0.0,0.0
5368,35034895.905368514,31388472.429895345,16717242.429895345,15094130.418100756,0,0.0,0.0
5369,34866705.00454958,32102821.28694216,17431591.28694216,15640244.224713437,0,0.0,0.0
5370,33887935.21383075,31544868.158231713,16873638.158231713,15213693.66188172,0,0.0,0.0
5371,32974979.253867157,30508078.63664633,15836848.63664633,14421076.627916163,0,0.0,0.0
5372,32110399.272065513,29780618.67231024,15109388.67231024,13864939.487969888,0,0.0,0.0
5373,29832228.20746133,27811259.858916845,13140029.858916845,12359380.925708463,0,0.0,0.0
5374,26565162.147406735,24759739.775698233,10088509.775698233,10026519.002346637,0,0.0,0.0
5375,24786501.18289354,23108813.053643838,8437583.053643838,8728465.063986737,0,0.0,0.0
5376,24607060.05459508,22719978.643380243,8048748.643380243,9939362.860099679,0,0.0,0.0
5377,24257740.491355777,22527282.27925783,7856052.27925783,9785179.330800565,0,0.0,0.0
5378,24330304.45859873,22918104.117686663,8246874.117686663,10097890.4224216,0,0.0,0.0
5379,24561496.633302998,23422687.465019334,8751457.465019334,10501626.32928015,0,0.0,0.0
5380,25354075.159235675,24249096.21589873,9577866.21589873,11162866.713521693,0,0.0,0.0
5381,27852188.171064608,26590416.546803456,11919186.546803456,13036244.208124125,0,0.0,0.0
5382,32131212.19290263,30516525.00899697,15845295.008996971,16177669.641182829,0,0.0,0.0
5383,35214337.033666976,33417187.229503654,18745957.229503654,18464039.801915836,0,0.0,0.0
5384,37128563.239308454,35319499.100461215,20648269.100461215,19932983.328210108,0,0.0,0.0
5385,38525278.98089171,37527507.43376286,22856277.433762863,21637982.175520357,0,0.0,0.0
5386,38699657.506824374,38064252.98756579,23393022.987565793,22052450.96928821,0,0.0,0.0
5387,39831992.902638756,38821404.47259494,24150174.47259494,22637114.70888723,0,0.0,0.0
5388,40167812.19290264,37604557.65062488,22933327.65062488,21697479.474037495,0,0.0,0.0
5389,39948432.75705187,37330932.9813575,22659702.9813575,21486189.62577911,0,0.0,0.0
5390,40083435.486806184,37059232.246512145,22388002.246512145,21276385.417734306,0,0.0,0.0
5391,40228563.421292074,37161218.81645222,22489988.81645222,21355138.283638995,0,0.0,0.0
5392,40632446.587807104,37791344.53986884,23120114.53986884,22098832.43496207,0,0.0,0.0
5393,39941120.10919017,36573329.05392079,21902099.05392079,21902099.05392079,0,0.0,0.0
5394,38541029.29936306,35474564.32641865,20803334.326418653,20803334.326418653,0,0.0,0.0
5395,37081312.28389445,34092133.402184784,19420903.402184784,19420903.402184784,0,0.0,0.0
5396,35726222.38398544,33144549.462934226,18473319.462934226,18473319.462934226,0,0.0,0.0
5397,32452406.187443133,29811349.780003633,15140119.780003633,15613432.707727103,0,0.0,0.0
5398,28302197.27024568,25723794.636621438,11052564.636621438,12342827.779182505,0,0.0,0.0
5399,27135548.680618744,24395438.088125817,9724208.088125817,11279960.289453818,0,0.0,0.0
5400,26331157.41583257,23288865.6340558,8617635.6340558,10138939.182677602,0,0.0,0.0
5401,25683706.824385803,23107551.177361388,8436321.177361388,9999088.781424448,0,0.0,0.0
5402,25351825.113739762,22776169.82722819,8104939.8272281885,9743489.665783893,0,0.0,0.0
5403,25306824.20382166,22655272.570452686,7984042.570452686,9650239.904133864,0,0.0,0.0
5404,26015588.535031848,23584305.411301855,8913075.411301855,10366816.055527497,0,0.0,0.0
5405,28067067.515923567,25635695.71322356,10964465.713223562,11949082.368324026,0,0.0,0.0
5406,32894540.127388537,30229066.51983261,15557836.519832611,15484955.93772138,0,0.0,0.0
5407,36243170.33666969,33118876.20616319,18447646.20616319,17643010.701176345,0,0.0,0.0
5408,37476195.268425845,34234447.955258444,19563217.955258444,18476098.40881973,0,0.0,0.0
5409,38315462.23839855,35079493.88052849,20408263.880528487,19107162.590310123,0,0.0,0.0
5410,38853785.6232939,35230325.45655187,20559095.456551872,19219800.73484135,0,0.0,0.0
5411,40139124.112829834,36320928.02159955,21649698.021599554,20034241.932014406,0,0.0,0.0
5412,39334732.84804369,35134839.11251306,20463609.112513058,19148493.354091473,0,0.0,0.0
5413,39186792.35668789,34469724.64368167,19798494.643681668,18651798.552875355,0,0.0,0.0
5414,38967412.92083712,34230373.19288184,19559143.192881837,18473055.45398488,0,0.0,0.0
5415,39329670.245677896,34603780.47030653,19932550.47030653,18751908.887678757,0,0.0,0.0
5416,40107623.47588717,34238892.48056565,19567662.480565652,18488367.731389005,0,0.0,0.0
5417,39501798.72611466,33195663.38239698,18524433.38239698,18406253.14151676,0,0.0,0.0
5418,38032519.017288454,31978178.40926075,17306948.40926075,17306948.40926075,0,0.0,0.0
5419,36572239.49044585,30636900.286219884,15965670.286219884,15965670.286219884,0,0.0,0.0
5420,35454529.390354864,29553329.007231545,14882099.007231545,14970808.258902738,0,0.0,0.0
5421,32022084.986351226,26197393.846002642,11526163.846002642,12382328.07131115,0,0.0,0.0
5422,27983253.321201093,22092757.84335062,7421527.843350619,9216364.350412203,0,0.0,0.0
5423,25991400.545950864,20286938.476324514,5615708.476324514,7823510.368035333,0,0.0,0.0
5424,25379388.171064604,19458187.454178985,4786957.454178985,6085543.434134205,0,0.0,0.0
5425,24882128.116469517,18705041.133701183,4033811.133701183,5528388.439116705,0,0.0,0.0
5426,24757813.102820743,18556110.56953779,3884880.5695377886,5418214.087230122,0,0.0,0.0
5427,24661061.146496814,18500908.17163767,3829678.171637669,5377377.013622057,0,0.0,0.0
5428,25697769.60873521,19143258.719418902,4472028.719418902,5852568.628475187,0,0.0,0.0
5429,27701997.63421292,21199997.666332543,6528767.666332543,7374082.239526193,0,0.0,0.0
5430,31854456.59690628,25148525.865461703,10477295.865461703,10279019.924032109,0,0.0,0.0
5431,34937018.92629662,27314076.086563032,12642846.086563032,11831400.60887392,0,0.0,0.0
5432,36402923.56687898,28626655.656145126,13955425.656145126,12772326.915399816,0,0.0,0.0
5433,36520769.69972703,29079731.187923424,14408501.187923424,13097115.367523253,0,0.0,0.0
5434,37269753.594176516,29798198.14396881,15126968.14396881,13612150.398525536,0,0.0,0.0
5435,37544259.14467697,29537593.17798929,14866363.17798929,13425335.005551318,0,0.0,0.0
5436,36746055.50500455,28395580.41390671,13724350.413906708,12606679.986826792,0,0.0,0.0
5437,36393923.38489536,27924733.258882552,13253503.258882552,12269151.89726788,0,0.0,0.0
5438,36852370.15468607,27926830.68547985,13255600.68547985,12270655.443343967,0,0.0,0.0
5439,37948704.822565965,28780038.985026527,14108808.985026527,12882280.180307763,0,0.0,0.0
5440,38541029.29936306,28798009.328471016,14126779.328471016,12895162.270869033,0,0.0,0.0
5441,37890766.151046395,28031735.95436102,13360505.954361022,12359761.85508897,0,0.0,0.0
5442,36494612.92083712,26298441.893421385,11627211.893421385,11585558.780940598,0,0.0,0.0
5443,35496717.743403085,24868565.328091066,10197335.328091066,10197335.328091066,0,0.0,0.0
5444,34325006.55141038,24076004.06970711,9404774.06970711,9501665.273226578,0,0.0,0.0
5445,30554492.81164695,20583463.02200871,5912233.02200871,6917988.453569121,0,0.0,0.0
5446,26631538.489535946,16457359.365390796,1786129.3653907962,3865621.0719078816,0,0.0,0.0
5447,24859627.661510464,14870274.089480357,199044.08948035724,2691543.1205859594,0,0.0,0.0
5448,24355617.470427655,14363185.807924839,0.0,2169763.7992300824,0,0.0,0.0
5449,23973109.736123748,14421889.064385181,0.0,2169763.7992300824,0,0.0,0.0
5450,23989422.56596907,14881432.552410567,210202.55241056718,2337897.1917027226,0,0.0,0.0
5451,24126675.341219284,16200245.00303721,1529015.0030372106,3161842.892582286,0,0.0,0.0
5452,24614935.213830743,16442569.629662132,1771339.629662132,1771339.629662132,0,0.0,0.0
5453,27531556.68789808,20057663.355991647,5386433.355991647,5386433.355991647,0,0.0,0.0
5454,32726911.737943586,24723003.044224173,10051773.044224173,10051773.044224173,0,0.0,0.0
5455,36437236.76069153,27716387.844623208,13045157.844623208,12531764.156603232,0,0.0,0.0
5456,37977392.90263877,29202028.15780227,14530798.157802269,13671409.026405863,0,0.0,0.0
5457,37912141.583257504,28399738.03353942,13728508.033539422,13055966.77157573,0,0.0,0.0
5458,37673636.76069153,28128520.795100786,13457290.795100786,12847914.168501688,0,0.0,0.0
5459,38476903.00272975,29088134.334635258,14416904.334635258,13584040.293797402,0,0.0,0.0
5460,38143896.26933576,29629141.308430664,14957911.308430664,13999050.452544408,0,0.0,0.0
5461,38309837.12465877,29572839.565553706,14901609.565553706,13955860.999578249,0,0.0,0.0
5462,38285086.624203816,29811020.52809587,15139790.528095871,14138571.24891511,0,0.0,0.0
5463,39109165.787079155,31150112.637047116,16478882.637047116,15165797.98651881,0,0.0,0.0
5464,39846618.19836215,31475793.16810062,16804563.16810062,15415629.754758531,0,0.0,0.0
5465,39156416.74249318,31112574.629317492,16441344.629317492,15137002.323428513,0,0.0,0.0
5466,37741700.63694266,30675728.71578031,16004498.71578031,14801894.82813474,0,0.0,0.0
5467,36204919.563239306,30148381.742060803,15477151.742060803,14397363.349099034,0,0.0,0.0
5468,35039395.996360324,29556048.556983024,14884818.556983024,13942980.501784375,0,0.0,0.0
5469,31492199.272065513,26159062.72448776,11487832.72448776,11337129.379912682,0,0.0,0.0
5470,27227238.034576885,21944597.83807181,7273367.838071808,7987466.749515122,0,0.0,0.0
5471,24963692.265696086,19119009.744058304,4447779.744058304,5727381.3864750285,0,0.0,0.0
5472,24508620.56414923,18006757.42491197,3335527.4249119684,4924473.41883921,0,0.0,0.0
5473,24166051.137397632,17607195.53117452,2935965.531174518,4618399.738786052,0,0.0,0.0
5474,23952859.3266606,17509255.663929023,2838025.663929023,4543375.528365615,0,0.0,0.0
5475,24031048.40764331,18428345.24580959,3757115.2458095886,5247419.470077308,0,0.0,0.0
5476,24856252.593266606,19239342.754699066,4568112.754699066,5868662.3762460705,0,0.0,0.0
5477,27343115.377616014,21928474.89995726,7257244.899957258,7928599.984784027,0,0.0,0.0
5478,31849956.50591447,26917149.747941155,12245919.747941155,11694494.339422602,0,0.0,0.0
5479,34782328.29845313,29915985.657040328,15244755.657040328,13912994.878321687,0,0.0,0.0
5480,35771785.80527753,30678513.100334004,16007283.100334004,14477102.950637162,0,0.0,0.0
5481,36425424.02183805,31255845.564678293,16584615.564678293,14904206.14070683,0,0.0,0.0
5482,36760680.80072793,31038454.859277815,16367224.859277815,14743383.270866152,0,0.0,0.0
5483,37287753.958143756,30593901.45368906,15922671.453689061,14414508.334136343,0,0.0,0.0
5484,36352297.54322111,28896649.430245366,14225419.430245366,13158902.944981033,0,0.0,0.0
5485,35700346.86078253,28061097.077533614,13389867.077533614,12540771.976512581,0,0.0,0.0
5486,35374652.77525022,27566516.1566545,12895286.1566545,12604038.661332835,0,0.0,0.0
5487,35240212.55686988,26925867.330979615,12254637.330979615,12254637.330979615,0,0.0,0.0
5488,35741410.1910828,26831542.084785037,12160312.084785037,12160312.084785037,0,0.0,0.0
5489,35033770.882620566,26298915.157422435,11627685.157422435,11627685.157422435,0,0.0,0.0
5490,33768120.29117379,25299199.086544,10627969.086544,10627969.086544,0,0.0,0.0
5491,33017730.118289348,28048039.541479252,13376809.541479252,13376809.541479252,0,0.0,0.0
5492,31851081.528662413,23764842.51414351,9093612.514143512,9335300.179206857,0,0.0,0.0
5493,29004773.976342127,20728403.59061303,6057173.59061303,7009317.521330295,0,0.0,0.0
5494,25786083.8944495,17222111.756717503,2550881.756717503,4323416.633980098,0,0.0,0.0
5495,23458411.828935392,14613596.579051938,0.0,2369382.030339882,0,0.0,0.0
5496,22165198.18016379,13029100.576711506,0.0,1740589.3113965758,0,0.0,0.0
5497,21488496.99727024,12587124.959383735,0.0,1740589.3113965758,0,0.0,0.0
5498,21846254.2311192,12829787.768475238,0.0,1740589.3113965758,0,0.0,0.0
5499,21438433.48498635,12254595.344673887,0.0,1740589.3113965758,0,0.0,0.0
5500,21446308.644222017,12496646.18514168,0.0,1475633.5462306829,0,0.0,0.0
5501,22666958.325750683,13850279.172298137,0.0,948.2047998754424,0,0.0,0.0
5502,25140883.348498635,16233868.964631213,1562638.9646312129,1562638.9646312129,0,0.0,0.0
5503,28565452.59326661,19712449.562397733,5041219.562397733,5041219.562397733,0,0.0,0.0
5504,30948813.284804367,21785354.66181947,7114124.661819469,6821441.532271613,0,0.0,0.0
5505,32020959.963603273,22706935.922380425,8035705.922380425,7452756.216131139,0,0.0,0.0
5506,32517094.99545041,22517503.219118703,7846273.219118703,7322988.33532643,0,0.0,0.0
5507,32607659.326660607,22742354.89250442,8071124.89250442,7477019.422083104,0,0.0,0.0
5508,31978771.61055505,22556114.516802285,7884884.516802285,7349438.394842266,0,0.0,0.0
5509,31294757.779799823,21912466.370016724,7241236.370016724,6908517.399923859,0,0.0,0.0
5510,31446635.850773435,22188766.173835404,7517536.173835404,7097792.215681357,0,0.0,0.0
5511,32823101.182893537,23864630.660208814,9193400.660208814,8245816.707588073,0,0.0,0.0
5512,34499385.07734303,26484183.83519624,11812953.835196242,10040300.227699783,0,0.0,0.0
5513,34568011.46496814,26837761.134190165,12166531.134190165,10282512.7707352,0,0.0,0.0
5514,33658430.573248394,26576108.49444466,11904878.49444466,10103271.763337327,0,0.0,0.0
5515,32838288.9899909,26335260.380814996,11664030.380814996,9938282.567895442,0,0.0,0.0
5516,31833643.676069155,25797058.36553719,11125828.365537189,9569595.779580256,0,0.0,0.0
5517,29537472.247497723,23414830.245322056,8743600.245322056,7937688.039095755,0,0.0,0.0
5518,26767103.730664235,20295445.85852173,5624215.85852173,5782192.13274422,0,0.0,0.0
5519,24389930.66424021,17648589.840741187,2977359.8407411873,3880141.9593046494,0,0.0,0.0
5520,23578226.751592353,19646581.13824801,4975351.1382480115,5754514.814687893,0,0.0,0.0
5521,23565851.50136488,17059293.93963652,2388063.939636521,3833036.4921598625,0,0.0,0.0
5522,23064091.355777975,16099401.028502928,1428171.028502928,3120161.0828580437,0,0.0,0.0
5523,22755272.611464962,18468954.271609582,3797724.271609582,4879936.802054929,0,0.0,0.0
5524,22465016.742493175,14695810.15720522,24580.157205220312,2077768.327100527,0,0.0,0.0
5525,22737834.758871697,14167584.464438708,0.0,2059513.593238934,0,0.0,0.0
5526,23996172.702456772,16245982.561652096,1574752.561652096,3229021.5288805044,0,0.0,0.0
5527,25569517.01546861,17262408.408347316,2591178.408347316,3983881.7670211312,0,0.0,0.0
5528,28562077.52502275,19523575.44089798,4852345.440897979,5408261.645311833,0,0.0,0.0
5529,30729433.84895359,20651631.713711694,5980401.713711694,5980401.713711694,0,0.0,0.0
5530,31847706.460418567,22156248.72068365,7485018.720683649,7485018.720683649,0,0.0,0.0
5531,33079043.858052775,23368985.29636641,8697755.296366408,8509833.775281824,0,0.0,0.0
5532,32822538.671519563,23874043.116263825,9202813.116263825,8878276.104879985,0,0.0,0.0
5533,32692036.03275705,24423497.781321816,9752267.781321816,9279106.165968154,0,0.0,0.0
5534,33262422.565969057,25517611.350792922,10846381.350792922,10077267.75559124,0,0.0,0.0
5535,34436383.8034577,27289911.084874783,12618681.084874783,11370169.710666277,0,0.0,0.0
5536,35583344.494995445,29048532.813622713,14377302.813622713,12653093.489083234,0,0.0,0.0
5537,35424153.77616014,29751275.260095477,15080045.260095477,13165747.790997662,0,0.0,0.0
5538,34214754.32211101,28617259.892334945,13946029.892334945,12338477.630162096,0,0.0,0.0
5539,33432301.000909913,28861997.177907825,14190767.177907825,12517014.764097204,0,0.0,0.0
5540,32605971.792538665,28657583.427794136,13986353.427794136,12367893.860852735,0,0.0,0.0
5541,30514554.50409463,27100980.833777674,12429750.833777674,11232344.101194637,0,0.0,0.0
5542,27323427.479526848,24960026.02668426,10288796.026684262,9670506.336064916,0,0.0,0.0
5543,25775958.689717926,24217628.0122769,9546398.0122769,9128923.08927379,0,0.0,0.0
5544,25273636.03275705,24065991.778685473,9394761.778685473,11294580.902960893,0,0.0,0.0
5545,24744875.3412193,23640315.231262423,8969085.231262423,10946306.978019128,0,0.0,0.0
5546,24442806.733393993,23547998.789616115,8876768.789616115,10870776.837438319,0,0.0,0.0
5547,24892815.832575064,24223152.18828149,9551922.188281491,11423164.150092574,0,0.0,0.0
5548,25693832.02911738,24853686.386856418,10182456.386856418,11939045.566339478,0,0.0,0.0
5549,28914772.156505913,28368969.08102051,13697739.081020512,14815129.082304567,0,0.0,0.0
5550,33751807.46132848,33082684.53738609,18411454.53738609,18671729.10639642,0,0.0,0.0
5551,36844494.99545042,36069740.6937822,21398510.693782203,21075359.237739883,0,0.0,0.0
5552,38686719.74522293,37800253.84450085,23129023.844500847,22446375.84870802,0,0.0,0.0
5553,39912432.02911736,38975773.28799664,24304543.287996642,23377693.061107974,0,0.0,0.0
5554,40864763.78525932,39981301.57729939,25310071.577299394,24174333.05593258,0,0.0,0.0
5555,41923410.191082805,40940660.15931054,26269430.159310542,24934394.631463442,0,0.0,0.0
5556,41688280.43676069,40765649.36321083,26094419.363210827,24795740.551630646,0,0.0,0.0
5557,41262459.3266606,40333496.65155438,25662266.651554383,24453363.17882082,0,0.0,0.0
5558,40293814.74067333,39402058.68872218,24730828.68872218,23715421.997270737,0,0.0,0.0
5559,41901472.24749773,40801874.88729433,26130644.88729433,24824440.59082935,0,0.0,0.0
5560,42513484.62238397,41331501.884864055,26660271.884864055,25244327.66851463,0,0.0,0.0
5561,41585903.36669699,40214809.99399202,25543579.993992023,25315596.580066476,0,0.0,0.0
5562,39617676.069153756,38038883.17640018,23367653.176400177,23367653.176400177,0,0.0,0.0
5563,38811034.7588717,37188458.66897249,22517228.668972492,22517228.668972492,0,0.0,0.0
5564,37641011.10100092,36136470.95664965,21465240.956649654,21465240.956649654,0,0.0,0.0
5565,33872747.4067334,32370928.988126375,17699698.988126375,18089395.17176834,0,0.0,0.0
5566,29881729.20837124,28314055.876392044,13642825.876392044,14770200.98508412,0,0.0,0.0
5567,28311759.963603284,26918849.44338277,12247619.44338277,13628691.020605827,0,0.0,0.0
5568,27453930.118289344,26208971.597914573,11537741.597914573,12862602.056734022,0,0.0,0.0
5569,26913919.199272063,25715497.001764536,11044267.001764536,12468674.24309228,0,0.0,0.0
5570,26776103.912647866,25625723.90618844,10954493.90618844,12397010.737939136,0,0.0,0.0
5571,26850355.414012738,25915944.521855686,11244714.521855686,12628686.235513886,0,0.0,0.0
5572,27079860.054595087,26256200.60684218,11584970.606842179,12900303.73453562,0,0.0,0.0
5573,30683870.427661505,29948636.1579959,15277406.157995898,15847878.087961473,0,0.0,0.0
5574,34471259.50864422,33645453.82358748,18974223.823587477,18782521.74121781,0,0.0,0.0
5575,37655073.88535032,36647823.070081934,21976593.070081934,21122325.856655147,0,0.0,0.0
5576,39081040.218380354,38041733.66934207,23370503.66934207,22208627.203669254,0,0.0,0.0
5577,39968120.65514104,38913468.348172106,24242238.348172106,22887986.80991272,0,0.0,0.0
5578,40611071.15559599,39397049.25402822,24725819.254028223,23264850.71330839,0,0.0,0.0
5579,41222521.01910827,39860737.33805808,25189507.338058077,23626211.757943086,0,0.0,0.0
5580,41124081.52866242,39418581.95328199,24747351.95328199,23281631.560097747,0,0.0,0.0
5581,39943932.666060045,37725076.745555125,23053846.745555125,21961850.370898414,0,0.0,0.0
5582,39578862.784349404,36579438.51005915,21908208.510059148,21069032.4534002,0,0.0,0.0
5583,40955890.62784349,37482053.11324666,22810823.113246657,22434373.185537796,0,0.0,0.0
5584,41428400.18198362,37570483.642007805,22899253.642007805,22899253.642007805,0,0.0,0.0
5585,40761824.20382165,36645086.67672103,21973856.67672103,21973856.67672103,0,0.0,0.0
5586,38757596.17834395,34743534.976579934,20072304.976579934,20072304.976579934,0,0.0,0.0
5587,36860807.82529572,32814516.21685399,18143286.21685399,18143286.21685399,0,0.0,0.0
5588,35289151.04640583,31087347.83665516,16416117.836655159,16756881.723492453,0,0.0,0.0
5589,31561388.171064593,26264410.87929483,11593180.879294831,12906857.77946905,0,0.0,0.0
5590,27922502.092811648,21947753.080233432,7276523.080233432,9460983.19485957,0,0.0,0.0
5591,26502723.38489535,20511438.473793443,5840208.473793443,8314410.955820579,0,0.0,0.0
5592,25995900.636942677,20427960.85093095,5756730.850930952,7562592.509417738,0,0.0,0.0
5593,25334387.261146504,19479362.171310507,4808132.171310507,6809168.774714681,0,0.0,0.0
5594,25059881.71064604,18897030.326888926,4225800.326888926,6346652.177879258,0,0.0,0.0
5595,25169008.917197444,19239385.419028938,4568155.419028938,6101989.422482808,0,0.0,0.0
5596,25310199.272065517,19239175.612576365,4567945.6125763655,4567945.6125763655,0,0.0,0.0
5597,28364636.03275706,22385720.18704623,7714490.18704623,7714490.18704623,0,0.0,0.0
5598,33639305.18653321,27870553.57139361,13199323.571393609,13199323.571393609,0,0.0,0.0
5599,35997352.866242036,30026102.06793122,15354872.06793122,15163472.162311526,0,0.0,0.0
5600,38034769.06278435,31983616.790365018,17312386.790365018,16665057.713928368,0,0.0,0.0
5601,38618655.86897179,32371457.453593645,17700227.453593645,16962565.533184778,0,0.0,0.0
5602,39679552.32029117,33445417.630714096,18774187.630714096,17786387.222234912,0,0.0,0.0
5603,38160209.09918106,31506074.104696892,16834844.104696892,16298740.572676916,0,0.0,0.0
5604,39326295.177434035,32883119.464693815,18211889.464693815,17355055.190797165,0,0.0,0.0
5605,38889223.839854404,33572358.02214861,18901128.02214861,17883761.640679996,0,0.0,0.0
5606,39951807.825295724,35025536.192704275,20354306.192704275,18998476.804670382,0,0.0,0.0
5607,40179062.42038216,35261631.433456786,20590401.433456786,19179582.57018855,0,0.0,0.0
5608,40833263.14831666,35813328.504406035,21142098.504406035,19602782.631527927,0,0.0,0.0
5609,40009746.49681529,34906892.52132925,20235662.521329246,18907466.698495544,0,0.0,0.0
5610,38870660.96451318,34239984.7362031,19568754.736203097,18395889.910372503,0,0.0,0.0
5611,38271023.83985441,33935497.06982592,19264267.069825917,18162321.153398335,0,0.0,0.0
5612,36332047.13375796,32674214.642049722,18002984.642049722,17194806.861754995,0,0.0,0.0
5613,32640847.497725196,29560878.059457447,14889648.059457447,14806604.527354,0,0.0,0.0
5614,28683017.470427662,26102691.993401572,11431461.993401572,12069743.133437868,0,0.0,0.0
5615,27147923.930846225,24741943.481859744,10070713.481859744,10988969.727799485,0,0.0,0.0
5616,26359845.495905362,24186646.83268716,9515416.832687158,10485875.868485935,0,0.0,0.0
5617,25832772.338489536,23648844.153713346,8977614.153713346,10076435.489577143,0,0.0,0.0
5618,25666831.483166512,23381857.559581757,8710627.559581757,9873173.035635129,0,0.0,0.0
5619,25677519.199272066,23528622.11360707,8857392.113607071,9984907.946895082,0,0.0,0.0
5620,26046526.660600554,23706646.711418122,9035416.711418122,10120441.780460067,0,0.0,0.0
5621,28861333.575978156,26021101.551381636,11349871.551381636,11882484.447205681,0,0.0,0.0
5622,33732682.07461328,30384676.31336063,15713446.313360631,15171366.193151109,0,0.0,0.0
5623,36372547.95268426,32276230.921730377,17605000.921730377,16581897.592756344,0,0.0,0.0
5624,37607822.929936305,33145824.871839445,18474594.871839445,17230353.40053911,0,0.0,0.0
5625,36824244.58598726,31802731.19979005,17131501.19979005,16228809.068351135,0,0.0,0.0
5626,37477320.29117379,32672992.972254686,18001762.972254686,16877762.870956615,0,0.0,0.0
5627,38366088.26205642,33219472.541528217,18548242.541528217,17285272.43388031,0,0.0,0.0
5628,39540612.01091901,33200597.540328383,18529367.540328383,17300570.49081542,0,0.0,0.0
5629,39419109.55414012,33353421.713659007,18682191.713659007,18476558.992194746,0,0.0,0.0
5630,38836347.77070063,32097526.729500722,17426296.729500722,17426296.729500722,0,0.0,0.0
5631,38858848.22565968,31933245.530550655,17262015.530550655,17262015.530550655,0,0.0,0.0
5632,39159229.29936304,32021776.376303367,17350546.376303367,17350546.376303367,0,0.0,0.0
5633,38227710.46405824,31228012.857124895,16556782.857124895,16556782.857124895,0,0.0,0.0
5634,37052624.20382166,30111145.861376856,15439915.861376856,15439915.861376856,0,0.0,0.0
5635,36436674.24931755,28933949.88226419,14262719.88226419,14262719.88226419,0,0.0,0.0
5636,34363257.32484076,26717049.730705414,12045819.730705414,12412324.288812507,0,0.0,0.0
5637,31451135.94176524,22566807.08691057,7895577.086910568,9252658.137871793,0,0.0,0.0
5638,27095047.86169245,16385076.698727561,1713846.6987275612,4546378.062660621,0,0.0,0.0
5639,25042443.858052775,13986968.70505015,0.0,3241590.8811286255,0,0.0,0.0
5640,23969172.156505916,13363195.895963218,0.0,1636008.0667059624,0,0.0,0.0
5641,23808293.903548684,13135905.192643808,0.0,1636008.0667059624,0,0.0,0.0
5642,23630540.30937215,12599401.469297942,0.0,1636008.0667059624,0,0.0,0.0
5643,23753167.788898997,12356071.408411609,0.0,1068955.4457520612,0,0.0,0.0
5644,24028235.850773424,12418488.621580636,0.0,0.0,0,0.0,0.0
5645,26748540.855323024,15050206.391816242,378976.39181624167,378976.39181624167,0,0.0,0.0
5646,30736183.98544131,19206770.855171118,4535540.855171118,4535540.855171118,0,0.0,0.0
5647,33626367.42493176,22183360.761887908,7512130.761887908,7455339.098105544,0,0.0,0.0
5648,33503177.43403094,22334709.28535267,7663479.28535267,7568745.9854933955,0,0.0,0.0
5649,35582781.98362148,24813112.702631585,10141882.702631585,9425837.226363335,0,0.0,0.0
5650,35867975.25022748,29500498.880512726,14829268.880512726,12938140.248877402,0,0.0,0.0
5651,37170189.08098271,26727810.749279484,12056580.749279484,10860538.674299754,0,0.0,0.0
5652,36717367.424931765,26680447.241468444,12009217.241468444,10825048.747647973,0,0.0,0.0
5653,36335984.71337579,26402922.439546794,11731692.439546794,10617096.775350122,0,0.0,0.0
5654,35851099.90900818,26036016.25309746,11364786.25309746,10342170.481944611,0,0.0,0.0
5655,36539051.31938126,26845979.754107755,12174749.754107755,10949083.832960743,0,0.0,0.0
5656,36920996.542311184,27917397.354867533,13246167.354867533,11751907.226365129,0,0.0,0.0
5657,37037998.90809826,27330134.969728533,12658904.969728533,11311865.938522078,0,0.0,0.0
5658,35841537.21565058,25734853.64290239,11063623.64290239,10116506.475200765,0,0.0,0.0
5659,34939831.483166516,25631207.974106222,10959977.974106222,10038843.790290985,0,0.0,0.0
5660,33487989.626933564,24204013.083228417,9532783.083228417,8969433.091296118,0,0.0,0.0
5661,30442553.048225656,21041972.256730717,6370742.256730717,6576282.667201606,0,0.0,0.0
5662,26782854.04913558,17508939.285289127,2837709.2852891274,3836546.4876243887,0,0.0,0.0
5663,24388243.13011828,14622266.082005017,0.0,1636008.0667059624,0,0.0,0.0
5664,23710416.924476795,13522426.86173763,0.0,1829678.875435049,0,0.0,0.0
5665,23145092.99363057,12645394.543053208,0.0,1829678.875435049,0,0.0,0.0
5666,22987027.29754322,12675109.466018938,0.0,1829678.875435049,0,0.0,0.0
5667,22882400.181983624,13018537.108308116,0.0,1829678.875435049,0,0.0,0.0
5668,22147197.816196542,12417945.273113186,0.0,1829678.875435049,0,0.0,0.0
5669,23360534.849863514,13928640.070986204,0.0,1731591.4275887357,0,0.0,0.0
5670,26088152.50227479,17149792.750296213,2478562.7502962127,2532878.7660200726,0,0.0,0.0
5671,29071150.318471335,20812253.946919624,6141023.946919624,6141023.946919624,0,0.0,0.0
5672,31345383.80345769,23521420.931843594,8850190.931843594,8850190.931843594,0,0.0,0.0
5673,32576158.689717926,26137839.290954493,11466609.290954493,11171342.57455891,0,0.0,0.0
5674,32857414.3767061,27685120.45226946,13013890.452269461,12398226.904781999,0,0.0,0.0
5675,34007187.62511374,29243064.606482767,14571834.606482767,13633566.232860243,0,0.0,0.0
5676,33497552.320291176,28906260.039088365,14235030.039088365,13366504.074788991,0,0.0,0.0
5677,32888352.502274793,28616414.913816214,13945184.913816214,13136677.4270673,0,0.0,0.0
5678,32501344.676979076,28556505.650385574,13885275.650385574,13089173.625963831,0,0.0,0.0
5679,33659555.595996365,30026294.010432072,15355064.010432072,14254611.655437944,0,0.0,0.0
5680,35385340.491355784,32125163.59096267,17453933.59096267,15918866.519981405,0,0.0,0.0
5681,35408965.96906277,32273453.245489627,17602223.245489627,16036449.709140575,0,0.0,0.0
5682,34343569.42675159,31758430.080418896,17087200.080418896,15628072.830571085,0,0.0,0.0
5683,33526240.400363967,31583788.713452082,16912558.713452082,15489594.600565221,0,0.0,0.0
5684,32222339.035486795,30733522.04179005,16062292.04179005,14815393.374534303,0,0.0,0.0
5685,29993106.46041856,28952789.346280046,14281559.346280046,13403398.51861528,0,0.0,0.0
5686,26899856.41492265,25889822.01369677,11218592.013696771,10974682.446652038,0,0.0,0.0
5687,24485557.5978162,23404576.959489144,8733346.959489144,8971645.310119713,0,0.0,0.0
5688,23226094.63148316,22048028.047814917,7376798.047814917,7138499.697184347,0,0.0,0.0
5689,22387390.17288443,21138170.912197366,6466940.912197366,6466940.912197366,0,0.0,0.0
5690,22605644.58598726,20953282.76482823,6282052.764828231,6282052.764828231,0,0.0,0.0
5691,22582019.108280253,21297642.906023793,6626412.906023793,6626412.906023793,0,0.0,0.0
5692,22694521.383075524,20317501.411287617,5646271.411287617,5693875.98349235,0,0.0,0.0
5693,23185031.30118289,20059595.819420286,5388365.8194202855,5585969.940924645,0,0.0,0.0
5694,24312304.094631482,20259075.18597149,5587845.185971491,5656813.04674932,0,0.0,0.0
5695,26357595.45040947,20765780.49758955,6094550.497589551,5925543.620815731,0,0.0,0.0
5696,29416532.302092806,22012173.01304742,7340943.0130474195,7195773.335334319,0,0.0,0.0
5697,31327945.950864416,21892143.672239073,7220913.672239073,7220913.672239073,0,0.0,0.0
5698,32433843.312101908,21317794.289219514,6646564.289219514,6646564.289219514,0,0.0,0.0
5699,33447488.808007278,21228186.59459556,6556956.594595559,6556956.594595559,0,0.0,0.0
5700,32858539.399454046,19484507.765336275,4813277.765336275,5405349.311136925,0,0.0,0.0
5701,31843206.369426753,18599994.913705304,3928764.9137053043,5127446.727891318,0,0.0,0.0
5702,32023210.009099185,18893963.1723665,4222733.1723665,5219807.781010581,0,0.0,0.0
5703,32790475.52320292,19921272.794441555,5250042.794441555,5542575.276407964,0,0.0,0.0
5704,33496427.29754322,21770768.0021218,7099538.002121799,6187003.279217329,0,0.0,0.0
5705,33431457.233848948,22188405.437840633,7517175.437840633,6339933.6381342625,0,0.0,0.0
5706,32713973.97634212,21380605.67508173,6709375.67508173,6159980.917321902,0,0.0,0.0
5707,32634097.36123748,21378655.078291878,6707425.078291878,6361421.505274828,0,0.0,0.0
5708,30638307.006369416,19446204.8036943,4774974.8036943,5393315.012294761,0,0.0,0.0
5709,28045129.57233848,17489922.00355965,2818692.003559649,4778676.069837438,0,0.0,0.0
5710,25190384.34940855,14519779.540063474,0.0,3893079.2266501617,0,0.0,0.0
5711,24023173.248407643,12876473.327126782,0.0,3893079.2266501617,0,0.0,0.0
5712,23537163.42129208,13234142.016742568,0.0,1534402.2589815059,0,0.0,0.0
5713,23338034.394904464,12221112.955644865,0.0,1419510.6843333899,0,0.0,0.0
5714,23276158.14376706,12206468.30156517,0.0,361106.23129706434,0,0.0,0.0
5715,22521267.87989082,11290015.291208424,0.0,0.0,0,0.0,0.0
5716,22855962.147406727,11769972.422368068,0.0,0.0,0,0.0,0.0
5717,24530558.507734302,13705447.5095063,0.0,0.0,0,0.0,0.0
5718,26841355.232029114,15440615.114979682,769385.1149796825,769385.1149796825,0,0.0,0.0
5719,29003086.4422202,17453472.63545467,2782242.6354546696,2782242.6354546696,0,0.0,0.0
5720,30842498.63512284,18986002.91938503,4314772.919385031,4314772.919385031,0,0.0,0.0
5721,31981021.656050943,19853894.92925679,5182664.929256789,5182664.929256789,0,0.0,0.0
5722,32440593.448589627,20483074.606262702,5811844.6062627025,5811844.6062627025,0,0.0,0.0
5723,32848414.19472247,21026109.77844444,6354879.778444439,6348022.895487033,0,0.0,0.0
5724,33270860.236578695,21481653.14313887,6810423.143138871,6711627.60938845,0,0.0,0.0
5725,33251734.849863507,21861025.973269515,7189795.973269515,6990866.716901807,0,0.0,0.0
5726,33697243.85805277,23180798.109379984,8509568.109379984,7962291.036565319,0,0.0,0.0
5727,34938143.94904458,25206187.390068896,10534957.390068896,9453088.084187116,0,0.0,0.0
5728,36316859.32666059,27180538.60256808,12509308.602568079,10906318.328183047,0,0.0,0.0
5729,36567176.88808007,28547984.34596966,13876754.345969658,11912833.02463323,0,0.0,0.0
5730,36156543.58507734,29307368.712951392,14636138.712951392,12471781.362664057,0,0.0,0.0
5731,35853349.954504095,29521807.694328222,14850577.694328222,12629620.156114606,0,0.0,0.0
5732,34126440.03639672,28520151.457494445,13848921.457494445,11892346.499716146,0,0.0,0.0
5733,30781747.40673339,26467255.68862377,11796025.688623771,10381303.17560677,0,0.0,0.0
5734,26981420.564149223,23013630.588972304,8342400.588972304,7839246.61826107,0,0.0,0.0
5735,24601997.452229295,21057995.37172399,6386765.371723991,6397343.183952521,0,0.0,0.0
5736,24186864.05823476,20767456.770193115,6096226.770193115,8152687.319865975,0,0.0,0.0
5737,24162676.06915377,21104643.48817969,6433413.488179691,8421652.534422476,0,0.0,0.0
5738,24123300.27297543,21443224.74396851,6771994.743968509,8691730.136090275,0,0.0,0.0
5739,23347597.08826206,21047224.605707146,6375994.605707146,8375850.9615253,0,0.0,0.0
5740,24550808.917197447,22136388.39281259,7465158.392812591,9244649.03707005,0,0.0,0.0
5741,28653766.878980897,26379929.649026893,11708699.649026893,12629613.282614522,0,0.0,0.0
5742,33412050.591446765,31049078.68378171,16377848.68378171,16350454.114466952,0,0.0,0.0
5743,36377610.555050045,33721879.350195624,19050649.350195624,18399360.59430963,0,0.0,0.0
5744,37977955.41401273,34926803.64390647,20255573.643906467,19323027.377293628,0,0.0,0.0
5745,38510653.685168326,35039881.67599865,20368651.67599865,19409710.35204475,0,0.0,0.0
5746,38757033.66696996,34983764.31726001,20312534.317260012,19366692.097299434,0,0.0,0.0
5747,38813847.31574158,34822156.31047517,20150926.31047517,19242807.178960137,0,0.0,0.0
5748,37983580.52775249,33543156.694677003,18871926.694677003,18262355.98652566,0,0.0,0.0
5749,38160209.09918106,33520703.7580787,18849473.7580787,18245144.090455055,0,0.0,0.0
5750,39721178.16196542,34962675.75927254,20291445.759272538,19350526.10196203,0,0.0,0.0
5751,40437817.652411275,35442928.49469335,20771698.494693346,19718676.616862234,0,0.0,0.0
5752,41722031.11919926,36737951.14861912,22066721.148619123,20711410.6955811,0,0.0,0.0
5753,41089768.334849864,36525884.201343626,21854654.201343626,20548845.133587208,0,0.0,0.0
5754,40022684.258416735,36288846.30239495,21617616.30239495,21221155.04492089,0,0.0,0.0
5755,39480985.805277534,36156488.94727327,21485258.94727327,21485258.94727327,0,0.0,0.0
5756,37084687.35213831,33634051.10099128,18962821.10099128,18962821.10099128,0,0.0,0.0
5757,32813538.48953594,29162966.840810087,14491736.840810087,14849570.817942146,0,0.0,0.0
5758,28689205.095541406,25025590.051307052,10354360.051307052,11549291.250186225,0,0.0,0.0
5759,27214862.784349404,23234934.23761697,8563704.237616971,10120930.939905046,0,0.0,0.0
5760,26706352.50227479,22966823.71548388,8295593.7154838815,10111814.267151518,0,0.0,0.0
5761,25994775.614194717,22481882.297537617,7810652.297537617,9734237.65801324,0,0.0,0.0
5762,25636455.868971787,22679073.123657085,8007843.123657085,9887770.93177377,0,0.0,0.0
5763,25898023.65787079,23219423.586636655,8548193.586636655,10308489.162899842,0,0.0,0.0
5764,25765833.484986346,23021192.99864257,8349962.998642571,10154146.327925526,0,0.0,0.0
5765,29371531.39217471,26241860.942601122,11570630.942601122,12661766.499017904,0,0.0,0.0
5766,33986374.704276614,30588695.658648923,15917465.658648923,16046222.954646338,0,0.0,0.0
5767,37235440.40036397,33650767.72364973,18979537.723649733,18358085.40883493,0,0.0,0.0
5768,38397588.89899909,35002683.54890405,20331453.548904046,19371329.19615778,0,0.0,0.0
5769,39012413.83075523,35520769.0009413,20849539.0009413,19759627.680259302,0,0.0,0.0
5770,39384233.84895359,38221407.00384624,23550177.003846243,21783721.656477578,0,0.0,0.0
5771,40739323.74886261,38196000.348161526,23524770.348161526,21764679.68984897,0,0.0,0.0
5772,40876576.524112836,36561816.76033364,21890586.760333642,20539879.789751567,0,0.0,0.0
5773,40534569.60873521,35604361.99939612,20933131.999396123,19822279.573791284,0,0.0,0.0
5774,39473110.646041855,34146066.594384424,19474836.594384424,18729305.63887073,0,0.0,0.0
5775,40127311.37397634,34424879.80179119,19753649.80179119,18938272.606304027,0,0.0,0.0
5776,40900202.00181984,35065617.910144456,20394387.910144456,19418497.70276504,0,0.0,0.0
5777,40973890.99181073,34901348.51993784,20230118.519937843,19295379.875482537,0,0.0,0.0
5778,39519799.090081885,33937561.069835104,19266331.069835104,18573033.389204334,0,0.0,0.0
5779,38376775.97816196,33531154.12165408,18859924.12165408,18268436.529195096,0,0.0,0.0
5780,36495737.94358508,32460733.03970018,17789503.03970018,17691321.349217087,0,0.0,0.0
5781,32652097.725204725,29207573.365347657,14536343.365347657,14970877.659294097,0,0.0,0.0
5782,28582327.93448589,25263563.73086226,10592333.73086226,11900061.82651927,0,0.0,0.0
5783,27170424.38580528,23815527.674846586,9144297.674846586,10772617.307022821,0,0.0,0.0
5784,26481910.464058243,23366165.535175584,8694935.535175584,10579507.253196504,0,0.0,0.0
5785,25949212.192902632,23117016.852958538,8445786.852958538,10374892.952798503,0,0.0,0.0
5786,25748395.632393084,23166473.276388656,8495243.276388656,10415509.228149809,0,0.0,0.0
5787,25706769.79071883,23319273.34628637,8648043.346286371,10540996.86518916,0,0.0,0.0
5788,26051589.262966324,23793183.75351647,9121953.75351647,10930197.584871259,0,0.0,0.0
5789,29446907.91628753,27340553.138343398,12669323.138343398,13638287.496684046,0,0.0,0.0
5790,33901997.998180166,31835333.758083582,17164103.758083582,17164103.758083582,0,0.0,0.0
5791,37373255.686988175,35647666.11415308,20976436.11415308,20621725.946728636,0,0.0,0.0
5792,38278898.999090075,36811138.258941606,22139908.258941606,21547811.627228398,0,0.0,0.0
5793,38830722.656960875,37543834.23622299,22872604.23622299,22131013.602247242,0,0.0,0.0
5794,39370733.57597815,38183177.67075813,23511947.67075813,22639910.013989136,0,0.0,0.0
5795,40934515.19563239,39780426.85935678,25109196.859356783,23911267.999117292,0,0.0,0.0
5796,41155019.654231116,40028941.094601765,25357711.094601765,24109077.182338055,0,0.0,0.0
5797,41067830.39126478,39999142.57261992,25327912.572619922,24085358.535844423,0,0.0,0.0
5798,40698822.9299363,39707449.07953434,25036219.079534337,23853180.079100527,0,0.0,0.0
5799,41440212.92083712,40435235.343199655,25764005.343199655,24432474.083055705,0,0.0,0.0
5800,42037599.99999999,40905213.57134604,26233983.571346037,24806561.34348783,0,0.0,0.0
5801,40976141.037306644,39860153.520870365,25188923.520870365,23974727.807684697,0,0.0,0.0
5802,39881493.90354869,38755415.49470163,24084185.49470163,23095392.5598912,0,0.0,0.0
5803,39596863.14831665,38467038.19924213,23795808.19924213,22865853.687729523,0,0.0,0.0
5804,37055999.272065505,36115678.078688495,21444448.078688495,20994248.125794284,0,0.0,0.0
5805,33024480.254777066,32107717.54845736,17436487.54845736,17758540.00454066,0,0.0,0.0
5806,29063837.670609638,28088460.574800298,13417230.574800298,14457709.968168221,0,0.0,0.0
5807,27260988.717015475,26227181.29377687,11555951.29377687,12929127.298001278,0,0.0,0.0
5808,26715915.195632383,25672820.758039404,11001590.758039404,12366979.153481444,0,0.0,0.0
5809,26256905.9144677,25080819.645496264,10409589.645496264,11920960.36469941,0,0.0,0.0
5810,26000400.727934487,24700311.32555702,10029081.32555702,11634282.085917577,0,0.0,0.0
5811,26135403.4576888,24494252.905469675,9823022.905469675,11479035.879452044,0,0.0,0.0
5812,26789604.185623292,25006802.469324004,10335572.469324004,11865195.18019899,0,0.0,0.0
5813,29102650.955414012,27246009.094591744,12574779.094591744,13552232.933463106,0,0.0,0.0
5814,33560553.59417652,31580416.919909235,16909186.919909235,16809256.809387445,0,0.0,0.0
5815,36145293.35759781,33826279.71825298,19155049.71825298,18449259.801752027,0,0.0,0.0
5816,36614990.354868054,34295205.66057143,19623975.660571434,18791684.970897157,0,0.0,0.0
5817,37073437.12465878,34731915.850779355,20060685.850779355,19110585.136688795,0,0.0,0.0
5818,37415444.04003639,34770904.57999117,20099674.57999117,19139055.99101839,0,0.0,0.0
5819,38946037.488626026,37051158.609900765,22379928.609900765,20804172.593493387,0,0.0,0.0
5820,39620488.62602366,36904978.198687136,22233748.198687136,20697426.842153504,0,0.0,0.0
5821,39577737.761601456,37307715.98589337,22636485.98589337,20991519.240248177,0,0.0,0.0
5822,38315180.98271155,34666839.17617279,19995609.176172793,19063064.005314894,0,0.0,0.0
5823,38420651.86533213,34735382.61528801,20064152.61528801,19113116.682325613,0,0.0,0.0
5824,39348795.63239309,35548925.562636435,20877695.562636435,19757491.720545724,0,0.0,0.0
5825,38584905.18653321,34809592.70720017,20138362.70720017,20067164.5390476,0,0.0,0.0
5826,37117875.52320292,33542392.49656809,18871162.49656809,18871162.49656809,0,0.0,0.0
5827,36133480.6187443,32941596.823351678,18270366.823351678,18270366.823351678,0,0.0,0.0
5828,34478572.15650591,31172986.956255227,16501756.956255227,16505711.139891386,0,0.0,0.0
5829,30887499.54504094,27331017.331672836,12659787.331672836,13616278.878877845,0,0.0,0.0
5830,27154674.067333944,23599226.74837822,8927996.748378221,10804715.385696074,0,0.0,0.0
5831,25358575.25022748,21937651.332237735,7266421.332237735,9552870.010957884,0,0.0,0.0
5832,24428743.949044578,21057330.62402857,6386100.624028571,7841209.428297584,0,0.0,0.0
5833,23785793.448589623,20453687.49766486,5782457.497664861,7386945.278943385,0,0.0,0.0
5834,23208094.267515924,19782538.1372601,5111308.137260102,6881880.150263054,0,0.0,0.0
5835,23073091.537761595,19604240.747068338,4933010.747068338,6747704.66022569,0,0.0,0.0
5836,23545038.58052775,20188722.41162447,5517492.411624469,7187549.089105582,0,0.0,0.0
5837,24258303.00272976,20926222.314352818,6254992.314352818,6591147.578284641,0,0.0,0.0
5838,26753603.457688797,23250042.425231177,8578812.425231177,8578812.425231177,0,0.0,0.0
5839,30083670.791628756,26608807.99098056,11937577.990980562,11937577.990980562,0,0.0,0.0
5840,32425968.15286624,29000217.30518784,14328987.30518784,13767070.748089438,0,0.0,0.0
5841,33513865.15013648,30322439.091778316,15651209.091778316,14729176.730718266,0,0.0,0.0
5842,33519490.26387625,30522386.18062647,15851156.18062647,14874666.91424192,0,0.0,0.0
5843,34635512.82984532,31826974.233094726,17155744.233094726,15823941.82626887,0,0.0,0.0
5844,34386882.80254777,31726644.661634147,17055414.661634147,15750937.673776632,0,0.0,0.0
5845,34017875.34121929,31348683.126993712,16677453.126993712,15475916.45012941,0,0.0,0.0
5846,33550990.900818918,30628160.065461453,15956930.065461453,14951632.585536785,0,0.0,0.0
5847,34852079.7088262,31501086.86189346,16829856.86189346,15586812.02499369,0,0.0,0.0
5848,36502488.08007278,32654233.595065042,17983003.595065042,16425891.657537121,0,0.0,0.0
5849,36199294.44949954,31971224.41964486,17299994.41964486,15928904.525327913,0,0.0,0.0
5850,34833516.83348499,30619308.27545757,15948078.275457568,14945191.638786329,0,0.0,0.0
5851,34024625.477707006,30115058.226033706,15443828.226033706,14578277.408351073,0,0.0,0.0
5852,32389967.424931753,28521194.85545396,13849964.85545396,13418513.214567853,0,0.0,0.0
5853,29735476.251137394,26192703.112255704,11521473.112255704,11705770.313856121,0,0.0,0.0
5854,26598912.829845306,23194490.079501294,8523260.079501294,9449502.274971446,0,0.0,0.0
5855,24162676.06915377,20700428.330681168,6029198.330681168,7572627.0331551675,0,0.0,0.0
5856,22958901.728844408,19405365.59733882,4734135.597338822,6408577.188091148,0,0.0,0.0
5857,22383452.593266606,18810287.28058382,4139057.2805838212,5990786.562707782,0,0.0,0.0
5858,22594394.35850773,18945166.955377594,4273936.955377594,6085482.440707305,0,0.0,0.0
5859,22636582.711555958,21837975.51241142,7166745.512411419,8116455.948107166,0,0.0,0.0
5860,22792960.87352138,19248666.25840258,4577436.2584025785,6298562.232129833,0,0.0,0.0
5861,23323971.61055504,19404136.811019916,4732906.811019916,6407714.485838039,0,0.0,0.0
5862,24264490.62784349,20243160.53675408,5571930.536754079,6955525.914526761,0,0.0,0.0
5863,26619163.23930846,22088167.943124037,7416937.943124037,7470701.523359602,0,0.0,0.0
5864,29128526.478616923,24410961.02088677,9739731.020886771,9739731.020886771,0,0.0,0.0
5865,30753059.326660603,26193221.843952596,11521991.843952596,11134747.66274458,0,0.0,0.0
5866,31644639.8544131,26685601.62921259,12014371.629212592,11463875.853973484,0,0.0,0.0
5867,32477156.68789809,27502918.836542565,12831688.836542565,12010206.43488213,0,0.0,0.0
5868,32569408.553230204,27574662.107270934,12903432.107270934,12058162.775971977,0,0.0,0.0
5869,32887789.990900815,27599064.85097668,12927834.85097668,12074474.63754171,0,0.0,0.0
5870,33450863.876251135,28023298.93816269,13352068.938162688,12358051.262645125,0,0.0,0.0
5871,34791890.99181074,29181305.396735545,14510075.396735545,13132113.44503187,0,0.0,0.0
5872,36204357.05186533,30212392.7450546,15541162.745054599,13821337.34111862,0,0.0,0.0
5873,36180731.57415832,29922248.36633022,15251018.366330221,13627392.143887665,0,0.0,0.0
5874,34988207.46132846,29317070.96737779,14645840.96737779,13222865.092508713,0,0.0,0.0
5875,34630450.22747952,29590806.734218344,14919576.734218344,13405842.055641592,0,0.0,0.0
5876,32917040.582347583,28669629.75904132,13998399.75904132,12790087.061797496,0,0.0,0.0
5877,30105608.735213827,26401744.26555114,11730514.265551139,11274133.172682114,0,0.0,0.0
5878,26536474.06733393,23406228.260755785,8734998.260755785,9217489.674327988,0,0.0,0.0
5879,24598059.872611463,21944409.823911417,7273179.823911417,8191180.999099305,0,0.0,0.0
5880,24379805.45950864,22018383.387069006,7347153.3870690055,9208120.159201603,0,0.0,0.0
5881,24116550.13648771,22025143.498290174,7353913.498290174,9213631.308069004,0,0.0,0.0
5882,23907295.90536851,21986156.622197427,7314926.622197427,9181847.4407638,0,0.0,0.0
5883,24155363.42129208,22048898.659281373,7377668.659281373,9232997.591301385,0,0.0,0.0
5884,25028943.58507735,22579160.732385546,7907930.732385546,9665291.25156875,0,0.0,0.0
5885,28897896.81528662,25994519.046397556,11323289.046397556,12449646.048142614,0,0.0,0.0
5886,34039813.28480437,30771971.764987946,16100741.764987946,16344441.89952901,0,0.0,0.0
5887,37627510.828025475,34316112.04171649,19644882.041716494,19176697.317828964,0,0.0,0.0
5888,39084977.79799817,38460957.075634114,23789727.075634114,22449422.788479865,0,0.0,0.0
5889,39274544.1310282,37084775.5023014,22413545.502301402,21362804.482986912,0,0.0,0.0
5890,39287481.89262965,35775309.48837219,21104079.48837219,20328864.072267305,0,0.0,0.0
5891,40680260.05459508,36922226.8929322,22250996.8929322,21234457.833172925,0,0.0,0.0
5892,40603195.99636034,36922308.73574144,22251078.735741436,21234522.455382958,0,0.0,0.0
5893,40603195.99636034,37130182.56017776,22458952.56017776,21398657.412021235,0,0.0,0.0
5894,40566632.75705186,37099575.09617279,22428345.096172787,21374490.084600933,0,0.0,0.0
5895,41801907.73430391,38296072.80509837,23624842.80509837,22319231.925497938,0,0.0,0.0
5896,42573110.828025475,38620764.14997441,23949534.149974413,22575604.75144926,0,0.0,0.0
5897,41734406.369426765,37571089.32275944,22899859.322759442,21746792.693382867,0,0.0,0.0
5898,40103123.38489536,36080815.041659035,21409585.041659035,21053038.318741214,0,0.0,0.0
5899,39510236.39672429,35899895.30766747,21228665.30766747,21228665.30766747,0,0.0,0.0
5900,36492362.87534123,33615154.71553142,18943924.715531424,18943924.715531424,0,0.0,0.0
5901,32130649.68152866,29584677.301630646,14913447.301630646,15376505.674380459,0,0.0,0.0
5902,27921939.58143767,25385697.99381959,10714467.99381959,11953307.549471501,0,0.0,0.0
5903,26328344.858962696,23958952.038312122,9287722.038312122,10790159.621943215,0,0.0,0.0
5904,25541953.958143774,23170658.311675265,8499428.311675265,10102601.646794366,0,0.0,0.0
5905,25262385.805277526,22639202.071824376,7967972.071824376,9676249.791973384,0,0.0,0.0
5906,25157196.178343944,21924666.725743104,7253436.725743104,9103025.79478713,0,0.0,0.0
5907,25427764.149226576,22138167.555514097,7466937.555514097,9274303.254628828,0,0.0,0.0
5908,26386283.53048225,22816064.952497087,8144834.952497087,9818135.071643729,0,0.0,0.0
5909,29987481.346678805,26283380.000443146,11612150.000443146,12599730.414950408,0,0.0,0.0
5910,35453966.87898089,31568767.333359055,16897537.333359055,16833118.357925966,0,0.0,0.0
5911,38449902.45677889,34378513.03179636,19707283.03179636,19022562.179095298,0,0.0,0.0
5912,39544549.590536855,35398042.999756694,20726812.999756694,19817012.577253852,0,0.0,0.0
5913,39925369.79071884,35966916.470041946,21295686.470041946,20260297.001618616,0,0.0,0.0
5914,40202687.89808917,36317116.355135754,21645886.355135754,20533183.96609348,0,0.0,0.0
5915,40980078.61692446,36984697.68227139,22313467.68227139,21053384.713313445,0,0.0,0.0
5916,40681947.588717006,36459843.33672543,21788613.33672543,20644401.400514487,0,0.0,0.0
5917,40551444.9499545,35884369.988126434,21213139.988126434,20195974.13962804,0,0.0,0.0
5918,40732011.10100091,35819766.507836945,21148536.507836945,20145633.039070617,0,0.0,0.0
5919,42287917.56141947,37002867.734179854,22331637.734179854,21067543.3995972,0,0.0,0.0
5920,43095683.89444951,37360675.649287105,22689445.649287105,21346358.78468091,0,0.0,0.0
5921,42143352.13830756,36340909.75130179,21669679.751301788,20551724.542292014,0,0.0,0.0
5922,41005391.628753416,35098369.61619648,20427139.616196483,19595146.404462896,0,0.0,0.0
5923,40367503.73066423,34639656.89975332,19968426.899753317,19923330.98110813,0,0.0,0.0
5924,37135313.37579617,31829285.876494758,17158055.876494758,17158055.876494758,0,0.0,0.0
5925,32629034.758871704,27549330.17061824,12878100.17061824,13615317.706420593,0,0.0,0.0
5926,28290384.53139218,23580562.75767681,8909332.75767681,10431440.613669911,0,0.0,0.0
5927,26447597.270245682,21740173.235227004,7068943.235227004,8955018.986350738,0,0.0,0.0
5928,26184341.947224747,21589514.157633387,6918284.157633387,8707965.531221373,0,0.0,0.0
5929,25749520.65514103,21257670.975584555,6586440.975584555,8436739.090246767,0,0.0,0.0
5930,25534078.7989081,21174158.695994876,6502928.695994876,8368481.733772129,0,0.0,0.0
5931,25610017.834394906,21161110.92498592,6489880.924985919,8357817.357690749,0,0.0,0.0
5932,25781583.80345769,21192121.56663736,6520891.56663736,8383163.383833365,0,0.0,0.0
5933,30559555.414012738,25858526.326700583,11187296.326700583,11580841.907853063,0,0.0,0.0
5934,35681221.47406732,31301570.618894998,16630340.618894998,16630340.618894998,0,0.0,0.0
5935,38094395.268425845,33865903.72780309,19194673.72780309,18681577.859187227,0,0.0,0.0
5936,38820034.940855324,34001520.90364005,19330290.903640047,18789126.931311846,0,0.0,0.0
5937,39560862.42038216,35210108.98721106,20538878.987211064,19747578.736304313,0,0.0,0.0
5938,40837200.72793448,36962518.25001287,22291288.250012867,21137299.389560435,0,0.0,0.0
5939,41587590.90081892,37822728.09488588,23151498.09488588,21819475.301848754,0,0.0,0.0
5940,41440212.92083712,37662295.80492895,22991065.80492895,21692246.99306553,0,0.0,0.0
5941,40730323.56687899,36781381.100763194,22110151.100763194,20993651.417178858,0,0.0,0.0
5942,40787699.72702456,36495025.78509913,21823795.785099126,20766561.82983452,0,0.0,0.0
5943,42148414.74067333,37931592.673886105,23260362.673886105,21905808.64706444,0,0.0,0.0
5944,42916805.27752502,38769387.43421536,24098157.43421536,22570208.628469385,0,0.0,0.0
5945,41839595.99636032,37209318.645542674,22538088.645542674,21333020.568499662,0,0.0,0.0
5946,40509256.596906275,35667842.68108014,20996612.68108014,20110577.255864773,0,0.0,0.0
5947,39738616.01455869,35118167.38127255,20446937.381272547,19674665.889186606,0,0.0,0.0
5948,36764618.38034576,32472385.904546034,17801155.904546034,17576470.427510817,0,0.0,0.0
5949,32644785.07734304,28555314.498181637,13884084.498181637,14401345.227142299,0,0.0,0.0
5950,28392199.0900819,24508371.116802685,9837141.116802685,11093644.151651664,0,0.0,0.0
5951,26017838.580527753,22225981.639470115,7554751.639470115,9228171.51776246,0,0.0,0.0
5952,25683144.31301183,21749802.49111531,7078572.491115309,8732381.83381821,0,0.0,0.0
5953,25571767.060964506,21795320.089229368,7124090.089229368,8770359.327036595,0,0.0,0.0
5954,25507640.76433121,21729613.97112395,7058383.971123949,8715537.593066761,0,0.0,0.0
5955,25633643.312101908,21711071.125203177,7039841.125203177,8700066.416326698,0,0.0,0.0
5956,25915461.510464057,21780073.782057032,7108843.782057032,8757638.609089395,0,0.0,0.0
5957,31269444.767970882,27532073.163800087,12860843.163800087,13556804.790154167,0,0.0,0.0
5958,36020978.34394905,32615458.54734415,17944228.54734415,17780113.76917646,0,0.0,0.0
5959,37579697.361237496,34386302.88919161,19715072.889191613,19221483.745509908,0,0.0,0.0
5960,38985413.28480437,36289249.394090995,21618019.394090995,20770377.62280521,0,0.0,0.0
5961,40078935.39581438,37623692.42436405,22952462.424364053,21856540.91424184,0,0.0,0.0
5962,40712885.7142857,38136632.67278527,23465402.672785267,22274046.08748368,0,0.0,0.0
5963,42093288.626023665,39621437.793464944,24950207.793464944,23482595.85726246,0,0.0,0.0
5964,41880096.815286614,39197246.65916294,24526016.65916294,23137327.58564698,0,0.0,0.0
5965,41453713.19381255,38658052.68945595,23986822.68945595,22698453.32606928,0,0.0,0.0
5966,41340648.40764332,38137660.045789644,23466430.045789644,22274882.31264928,0,0.0,0.0
5967,41899784.7133758,38203025.990116805,23531795.990116805,22328086.599102575,0,0.0,0.0
5968,42427420.382165596,39417768.38774271,24746538.387742713,23316820.15379244,0,0.0,0.0
5969,41859846.40582348,36618551.05097811,21947321.05097811,21300192.98168213,0,0.0,0.0
5970,40502506.46041857,34372744.42947805,19701514.42947805,19701514.42947805,0,0.0,0.0
5971,40054184.89535943,34314463.38996842,19643233.389968418,19643233.389968418,0,0.0,0.0
5972,36924934.12192903,30644970.378565043,15973740.378565043,16154042.73243357,0,0.0,0.0
5973,32080023.65787079,26291932.719983377,11620702.719983377,12522096.737746099,0,0.0,0.0
5974,27846000.545950864,21985220.69136316,7313990.69136316,8928802.415611504,0,0.0,0.0
5975,25337199.818016373,18959889.54232317,4288659.542323168,6404624.9994806275,0,0.0,0.0
5976,24854565.059144672,17762223.15891741,3090993.1589174084,4908545.051494829,0,0.0,0.0
5977,24739812.738853503,17985622.670877576,3314392.670877576,5079529.54810219,0,0.0,0.0
5978,24532246.04185624,17581623.95908486,2910393.959084861,4770318.862009837,0,0.0,0.0
5979,24682999.0900819,17420075.37153597,2748845.3715359718,4646673.54301468,0,0.0,0.0
5980,25225260.054595094,17910618.4593163,3239388.4593162984,4861160.562073489,0,0.0,0.0
5981,29522846.95177433,21490351.304372724,6819121.304372724,6819121.304372724,0,0.0,0.0
5982,34700201.63785259,25859588.756422814,11188358.756422814,11095243.39357398,0,0.0,0.0
5983,36279733.57597817,26876258.644070826,12205028.644070826,11842314.99428593,0,0.0,0.0
5984,37046436.5787079,27738076.6710825,13066846.6710825,12475598.010517973,0,0.0,0.0
5985,37913829.11737944,29544065.39752204,14872835.39752204,13802678.614675736,0,0.0,0.0
5986,38437527.20655141,30613187.05713624,15941957.057136241,14588292.941713147,0,0.0,0.0
5987,39671677.161055505,31552502.48437988,16881272.48437988,15278522.767864233,0,0.0,0.0
5988,39038851.86533212,30566535.600930832,15895305.600930832,14554012.416159716,0,0.0,0.0
5989,38324462.42038216,29661038.914035052,14989808.914035052,13888633.351099022,0,0.0,0.0
5990,37534133.9399454,28245704.703946512,13574474.703946512,12848614.357009074,0,0.0,0.0
5991,38803722.11101,29177866.48187393,14506636.48187393,13533587.522851313,0,0.0,0.0
5992,39993433.666969955,30108978.3500696,15437748.350069601,14217789.19171756,0,0.0,0.0
5993,39280169.24476798,29914745.348038502,15243515.348038502,14075062.470388032,0,0.0,0.0
5994,37950392.356687896,28886841.965050302,14215611.965050302,13319736.24794749,0,0.0,0.0
5995,37260190.90081893,28640280.636746317,13969050.636746317,13138557.510928093,0,0.0,0.0
5996,35039958.5077343,27186113.49914025,12514883.499140251,12070003.219714355,0,0.0,0.0
5997,31257069.5177434,23406139.838902175,8734909.838902175,9228260.184055908,0,0.0,0.0
5998,27194612.374886256,19671723.257274844,5000493.257274844,6370029.502488484,0,0.0,0.0
5999,24658248.58962693,18307116.404778976,3635886.404778976,5325592.9516039565,0,0.0,0.0
6000,23676103.73066424,18320414.87367188,3649184.873671882,5383952.239482198,0,0.0,0.0
6001,23028653.139217466,18133387.104654524,3462157.1046545245,5251064.20229014,0,0.0,0.0
6002,22996027.479526836,18201888.595470503,3530658.595470503,5299736.272256503,0,0.0,0.0
6003,23326221.656050954,19062162.425017428,4390932.425017428,5910982.940367996,0,0.0,0.0
6004,23342534.48589627,19024748.022496488,4353518.022496488,5884399.045688379,0,0.0,0.0
6005,25007568.152866244,20634244.29751227,5963014.2975122705,7027987.519092703,0,0.0,0.0
6006,27772311.555959955,23033922.06774605,8362692.067746051,8733020.255435655,0,0.0,0.0
6007,31278444.9499545,26340949.927726757,11669719.927726757,11013198.838264035,0,0.0,0.0
6008,33619054.77707006,28284238.068753194,13613008.068753194,12327372.636689465,0,0.0,0.0
6009,34493197.452229306,29523052.27815373,14851822.278153729,13165136.805955375,0,0.0,0.0
6010,34477447.13375797,27935419.446971457,13264189.446971457,12091479.521576703,0,0.0,0.0
6011,34522448.04367606,27626299.807160802,12955069.807160802,11882433.35768497,0,0.0,0.0
6012,34112939.7634213,27723443.174351115,13052213.174351115,11948127.819127467,0,0.0,0.0
6013,33319798.726114646,26618077.755526815,11946847.755526815,11200610.124537323,0,0.0,0.0
6014,33378862.420382157,26437030.9642727,11765800.9642727,11078174.884836078,0,0.0,0.0
6015,34107877.16105551,27101525.7247985,12430295.7247985,11527548.081243658,0,0.0,0.0
6016,35298151.22838944,28017689.424070455,13346459.424070455,12147115.660149256,0,0.0,0.0
6017,35322901.728844404,27438415.971958604,12767185.971958604,11755374.478377448,0,0.0,0.0
6018,35054583.803457685,27726877.900192842,13055647.900192842,11950450.597006202,0,0.0,0.0
6019,34390820.3821656,26971994.625957176,12300764.625957176,11600424.039209377,0,0.0,0.0
6020,32347779.071883526,24950114.937209614,10278884.937209614,10278884.937209614,0,0.0,0.0
6021,29610598.72611465,22468823.700757373,7797593.700757373,8331503.340572637,0,0.0,0.0
6022,26476847.861692447,18903561.576344375,4232331.576344375,5798292.960757529,0,0.0,0.0
6023,24122175.25022747,17764013.065379515,3092783.0653795153,4988614.453106621,0,0.0,0.0
6024,23029215.650591448,17666848.29359909,2995618.2935990915,3681406.647597016,0,0.0,0.0
6025,23025840.58234759,18239231.101710714,3568001.1017107144,3999703.7566798474,0,0.0,0.0
6026,23175468.607825298,15057629.690008415,386399.6900084149,2230442.840301649,0,0.0,0.0
6027,22875650.045495905,18087874.17822693,3416644.178226929,3915535.4858970447,0,0.0,0.0
6028,22958339.21747043,14769098.544504043,97868.54450404271,2069993.1758587416,0,0.0,0.0
6029,23621540.127388533,15559826.083414098,888596.0834140982,2509709.893657453,0,0.0,0.0
6030,24742062.784349404,15913360.328477686,1242130.3284776863,2706307.2172856214,0,0.0,0.0
6031,27567616.47952684,18389332.724481888,3718102.724481888,4083173.9656372573,0,0.0,0.0
6032,28721830.755232032,18772409.747874852,4101179.7478748523,4296199.7717482215,0,0.0,0.0
6033,30363801.455868967,20080427.53648421,5409197.536484212,5008867.432359546,0,0.0,0.0
6034,30479116.287534118,19899372.643954895,5228142.643954895,4911250.360481538,0,0.0,0.0
6035,32067648.40764331,21180681.328618288,6509451.328618288,5602077.3258365365,0,0.0,0.0
6036,32154837.670609646,21042095.54372639,6370865.543726388,5527357.784508082,0,0.0,0.0
6037,31937708.280254774,20471576.733152412,5800346.733152412,5219758.387653685,0,0.0,0.0
6038,32263964.87716105,20438434.38860161,5767204.388601609,5201889.449758523,0,0.0,0.0
6039,33624679.890809834,22160630.589436807,7489400.589436807,6130424.149795646,0,0.0,0.0
6040,35047271.155595995,24248209.24545492,9576979.245454919,7255957.477664821,0,0.0,0.0
6041,35041646.04185623,23745263.088743657,9074033.088743657,6984790.372238481,0,0.0,0.0
6042,35065271.519563235,23372000.931700233,8700770.931700233,6783543.345414567,0,0.0,0.0
6043,34881892.81164695,22868960.922594897,8197730.922594897,6521297.894953269,0,0.0,0.0
6044,31968083.894449487,20509865.577843152,5838635.577843152,5741910.075326114,0,0.0,0.0
6045,28323010.1910828,17556163.380334914,2884933.3803349137,3619855.7285061665,0,0.0,0.0
6046,24627872.97543221,14827355.728851367,156125.7288513668,2102389.49017544,0,0.0,0.0
6047,23171531.02820746,13773590.400346983,0.0,2015569.328139496,0,0.0,0.0
6048,23380785.259326655,14143322.459045285,0.0,1655764.3386336635,0,0.0,0.0
6049,23385285.350318477,13694618.147129107,0.0,1655764.3386336635,0,0.0,0.0
6050,23243532.48407643,13355975.941597277,0.0,1655764.3386336635,0,0.0,0.0
6051,23353222.202001818,14004100.146032797,0.0,1655764.3386336635,0,0.0,0.0
6052,23537725.93266606,14509103.308917407,0.0,1655764.3386336635,0,0.0,0.0
6053,28187444.9499545,18910231.539211303,4239001.539211303,5038111.90840812,0,0.0,0.0
6054,34332319.19927207,25386279.76846017,10715049.76846017,10394445.972269481,0,0.0,0.0
6055,36777556.14194723,27571963.533378653,12900733.533378653,12135785.36279869,0,0.0,0.0
6056,37587572.52047317,27651605.4771932,12980375.4771932,12199236.286545547,0,0.0,0.0
6057,38547779.43585077,28529493.863685273,13858263.863685273,12898652.026563998,0,0.0,0.0
6058,38578155.05004549,28432553.931788884,13761323.931788884,12821419.755072659,0,0.0,0.0
6059,39096228.025477715,28977959.737671785,14306729.737671785,13255945.84198928,0,0.0,0.0
6060,39232918.28935396,28911059.2939357,14239829.293935701,13202646.10128966,0,0.0,0.0
6061,38960662.784349404,28505686.14268733,13834456.142687328,12879684.359311372,0,0.0,0.0
6062,38138271.155595995,28223986.645377867,13552756.645377867,12655253.707983576,0,0.0,0.0
6063,40444567.788899004,30819855.643781547,16148625.643781547,14723388.6377146,0,0.0,0.0
6064,41268646.95177433,31221946.687515996,16550716.687515996,15043735.516925609,0,0.0,0.0
6065,40292127.2065514,30088884.684371963,15417654.684371963,14141022.357018773,0,0.0,0.0
6066,39703740.30937215,29321068.347490773,14649838.347490773,13529301.277527243,0,0.0,0.0
6067,38391401.27388535,27443593.998216584,12772363.998216584,12033513.05254526,0,0.0,0.0
6068,34472384.53139217,22873618.174358636,8202388.174358636,8371950.445002152,0,0.0,0.0
6069,30056670.24567789,17638950.630617075,2967720.6306170747,4085759.559932984,0,0.0,0.0
6070,25797896.633303,12333225.77955412,0.0,1655764.3386336635,0,0.0,0.0
6071,25292761.419472247,12241797.615033187,0.0,1655764.3386336635,0,0.0,0.0
6072,25384450.773430385,12227507.226429937,0.0,1495205.3283242595,0,0.0,0.0
6073,25453077.1610555,12036388.1661096,0.0,1495205.3283242595,0,0.0,0.0
6074,25014318.28935395,11270975.56772744,0.0,1495205.3283242595,0,0.0,0.0
6075,25166758.87170154,11312275.241401367,0.0,1495205.3283242595,0,0.0,0.0
6076,25194321.929026388,11715410.948229933,0.0,1495205.3283242595,0,0.0,0.0
6077,28623953.776160147,15467712.636612535,796482.6366125345,2127217.3098146054,0,0.0,0.0
6078,34091564.331210196,20922316.38308977,6251086.38308977,6455465.991691137,0,0.0,0.0
6079,36841682.43858053,23443051.615150087,8771821.615150087,8421815.017312435,0,0.0,0.0
6080,38186647.13375796,24125916.059211977,9454686.059211977,8948592.043118527,0,0.0,0.0
6081,32985104.45859872,19252880.524890415,4581650.524890415,5130762.33060569,0,0.0,0.0
6082,27783561.7834395,14293393.253625374,0.0,471405.50756428693,0,0.0,0.0
6083,39456797.81619656,26408843.54874532,11737613.54874532,10709693.77205602,0,0.0,0.0
6084,39560299.90900818,27006873.935452417,12335643.935452417,11171027.893623898,0,0.0,0.0
6085,39318982.52957234,27254354.826301374,12583124.826301374,11361940.231729822,0,0.0,0.0
6086,38467340.30937214,27201011.45656547,12529781.45656547,11320789.953808181,0,0.0,0.0
6087,40294377.252047315,29297205.326888323,14625975.326888323,12937841.159393495,0,0.0,0.0
6088,40803450.045495905,29426893.281670623,14755663.281670623,13037885.371238418,0,0.0,0.0
6089,40300564.87716105,28600873.60918479,13929643.60918479,12400675.175110584,0,0.0,0.0
6090,39842118.10737034,27949485.74705437,13278255.747054368,11898179.894175803,0,0.0,0.0
6091,38947162.511373974,27473769.49368042,12802539.493680421,11531201.652360605,0,0.0,0.0
6092,36024915.92356687,25016147.101222575,10344917.101222575,9635336.337199967,0,0.0,0.0
6093,31571513.375796176,21075320.15041381,6404090.150413811,6576875.059154581,0,0.0,0.0
6094,27124860.964513186,16956574.29556734,2285344.295567341,3308634.661538735,0,0.0,0.0
6095,24574996.90627844,15143318.522978052,472088.5229780525,1869809.3549922702,0,0.0,0.0
6096,24225114.831665143,15028741.04340507,357511.0434050709,2380750.1195552717,0,0.0,0.0
6097,23941609.09918107,15491970.445012512,820740.4450125117,2774531.3747175783,0,0.0,0.0
6098,24045673.703366697,15276576.725897338,605346.7258973382,2591429.8514271197,0,0.0,0.0
6099,24205426.933575977,15290525.96854399,619295.9685439896,2603287.7996896887,0,0.0,0.0
6100,25374325.568698812,16056039.167740945,1384809.1677409448,3254033.947013357,0,0.0,0.0
6101,30480241.310282078,21451146.96079707,6779916.960797071,7288377.998336389,0,0.0,0.0
6102,36346672.42948136,27884040.07205961,13212810.072059609,13212810.072059609,0,0.0,0.0
6103,38599530.4822566,30545630.73892133,15874400.73892133,15523803.9431434,0,0.0,0.0
6104,39808929.93630573,32133174.163015135,17461944.163015135,16836061.820192177,0,0.0,0.0
6105,40087373.06642402,32972637.70576956,18301407.70576956,17529959.46718321,0,0.0,0.0
6106,40177937.397634216,33211808.125300605,18540578.125300605,17727656.904760905,0,0.0,0.0
6107,41119581.4376706,34361686.73189409,19690456.73189409,18678142.56471285,0,0.0,0.0
6108,41090330.84622383,34193833.22526765,19522603.22526765,18539395.439489163,0,0.0,0.0
6109,40885576.706096455,34167958.402856916,19496728.402856916,18518007.40120913,0,0.0,0.0
6110,39629488.80800728,33429495.273954365,18758265.273954365,17907596.34529386,0,0.0,0.0
6111,41173582.52957234,35180786.78755888,20509556.787558883,19355207.82404634,0,0.0,0.0
6112,41972348.68061874,36256175.23859555,21584945.238595553,20244120.180296145,0,0.0,0.0
6113,41754656.77888989,36564582.426217586,21893352.426217586,20499048.48975421,0,0.0,0.0
6114,41376649.1355778,36952528.45325824,22281298.45325824,20819723.327448487,0,0.0,0.0
6115,40882201.63785259,36487902.691036955,21816672.691036955,20435665.287144653,0,0.0,0.0
6116,37434569.42675159,32311856.788249884,17640626.788249884,16983760.25722227,0,0.0,0.0
6117,32490656.960873514,27012132.07986416,12340902.07986416,12567570.617267407,0,0.0,0.0
6118,27966940.491355773,21531451.25007036,6860221.25007036,7908562.858236743,0,0.0,0.0
6119,25333262.238398537,18701911.02673989,4030681.0267398916,5503232.1585685415,0,0.0,0.0
6120,24658248.58962693,18506157.029296845,3834927.029296845,5723785.944588406,0,0.0,0.0
6121,24704374.522292998,18559501.040446475,3888271.040446475,5766555.895702563,0,0.0,0.0
6122,24590747.22474977,18277452.704240225,3606222.7042402253,5540416.291810911,0,0.0,0.0
6123,24721812.374886256,18452494.934162915,3781264.9341629148,5680760.961350398,0,0.0,0.0
6124,25313574.340309374,18732033.301271074,4060803.3012710735,5904888.13210645,0,0.0,0.0
6125,30755309.3721565,24207549.99687816,9536319.996878158,10295026.337854473,0,0.0,0.0
6126,36146980.891719736,29780598.67211047,15109368.672110468,14714937.095173324,0,0.0,0.0
6127,37150501.18289354,29974052.29288011,15302822.29288011,14864679.991109977,0,0.0,0.0
6128,37556634.394904464,30291697.784760136,15620467.784760136,15110553.682417007,0,0.0,0.0
6129,38998351.04640583,31642010.33779923,16970780.33779923,16155763.957144657,0,0.0,0.0
6130,38996101.00090992,31382973.44718289,16711743.44718289,15955256.290237218,0,0.0,0.0
6131,40601508.46223839,32482882.50276191,17811652.50276191,16806641.581420165,0,0.0,0.0
6132,40670697.361237496,32591954.84557552,17920724.84557552,16891069.096472755,0,0.0,0.0
6133,40521069.33575979,32242433.005434163,17571203.005434163,16620521.497892542,0,0.0,0.0
6134,40730886.078252956,32100567.30460873,17429337.30460873,16510710.26359685,0,0.0,0.0
6135,41185957.77979982,32967687.12366542,18296457.12366542,17181904.900911164,0,0.0,0.0
6136,41881221.83803458,34096452.15219866,19425222.152198657,18055626.175975125,0,0.0,0.0
6137,41247271.519563235,33858267.3203684,19187037.3203684,17871259.058189727,0,0.0,0.0
6138,40978391.08280254,34073404.22506119,19402174.225061193,18037785.913584743,0,0.0,0.0
6139,39786991.99272065,33030017.525754087,18358787.525754087,17389883.20151986,0,0.0,0.0
6140,36596989.99090081,30538163.854048435,15866933.854048435,15866933.854048435,0,0.0,0.0
6141,31902832.57506824,26016817.342559285,11345587.342559285,11745653.582779046,0,0.0,0.0
6142,27516931.392174702,21408661.46874951,6737431.468749508,8050944.519817918,0,0.0,0.0
6143,25023880.982711554,18664438.939071797,3993208.939071797,5850692.59066608,0,0.0,0.0
6144,25278698.63512284,18482710.471132234,3811480.4711322337,5348423.207128457,0,0.0,0.0
6145,25063256.778889902,18029483.623804793,3358253.6238047928,5005121.159260079,0,0.0,0.0
6146,24810689.17197452,17394580.875966534,2723350.875966534,4524206.547040151,0,0.0,0.0
6147,24891690.80982711,17415543.90070092,2744313.9007009193,4540085.238612082,0,0.0,0.0
6148,25125695.541401275,17322859.41801635,2651629.4180163518,4469880.278559825,0,0.0,0.0
6149,29772039.490445852,21979060.547088083,7307830.547088083,7996775.016422824,0,0.0,0.0
6150,34958956.869881704,27095162.64976959,12423932.64976959,11812744.41912632,0,0.0,0.0
6151,36941246.95177434,28541550.535170212,13870320.535170212,12870659.876639977,0,0.0,0.0
6152,37436256.960873514,28111255.32199157,13440025.32199157,12555933.818774985,0,0.0,0.0
6153,37489695.54140128,28675531.978759058,14004301.978759058,12968656.438712515,0,0.0,0.0
6154,37117313.01182894,27470292.10952106,12799062.109521061,12087121.201485714,0,0.0,0.0
6155,38358775.61419472,28180898.858817115,13509668.858817115,12606872.418902472,0,0.0,0.0
6156,37878953.412192896,27290978.67679074,12619748.67679074,11955967.965109771,0,0.0,0.0
6157,37004810.73703367,26844368.401724037,12173138.401724037,11629308.762383785,0,0.0,0.0
6158,37043061.51046405,26957480.30007299,12286250.30007299,11712040.944324682,0,0.0,0.0
6159,38925224.56778891,28643686.4303471,13972456.4303471,12945364.002251955,0,0.0,0.0
6160,39918057.142857134,29706413.478975236,15035183.478975236,13722662.666883785,0,0.0,0.0
6161,39563112.465878084,30332886.56756051,15661656.567560509,14180876.933485668,0,0.0,0.0
6162,38841410.373066425,29378694.658828653,14707464.658828653,13482962.923093991,0,0.0,0.0
6163,37775451.31938126,28833692.73534734,14162462.735347342,13275804.779302632,0,0.0,0.0
6164,35124335.21383076,27022693.028936006,12351463.028936006,12351463.028936006,0,0.0,0.0
6165,31391509.736123744,22612650.572439767,7941420.572439767,8476695.29143483,0,0.0,0.0
6166,27438742.311191995,17915888.76852041,3244658.768520411,4919077.38961934,0,0.0,0.0
6167,25440701.910828024,15429917.232126439,758687.232126439,3036048.7817178927,0,0.0,0.0
6168,24888878.25295723,15138285.947681313,467055.9476813134,2425819.423680611,0,0.0,0.0
6169,24153675.887170155,15458539.725419957,787309.7254199572,2686109.1403595423,0,0.0,0.0
6170,23670478.616924472,15915729.4807324,1244499.4807324,3057695.0517547913,0,0.0,0.0
6171,23366722.474977247,17184099.12152534,2512869.12152534,4088576.1760223694,0,0.0,0.0
6172,23265470.42766151,18009449.142831232,3338219.1428312324,4759388.319827842,0,0.0,0.0
6173,25607767.788898997,21026804.161855094,6355574.161855094,6975572.078714686,0,0.0,0.0
6174,28459700.45495905,23844092.828805953,9172862.828805953,9172862.828805953,0,0.0,0.0
6175,31542825.29572339,27103138.853747495,12431908.853747495,12108944.072872091,0,0.0,0.0
6176,33372112.283894446,29417327.270499237,14746097.270499237,13926149.806408731,0,0.0,0.0
6177,34411633.30300273,30676154.789993495,16004924.789993495,14914638.284442654,0,0.0,0.0
6178,35162585.98726115,31481542.38815461,16810312.38815461,15547065.164857166,0,0.0,0.0
6179,35564781.61965423,32036301.30621764,17365071.30621764,15982687.03528799,0,0.0,0.0
6180,35018020.56414922,31308542.58683342,16637312.586833421,15411217.872309212,0,0.0,0.0
6181,34123064.968152866,30334031.803891737,15662801.803891737,14645987.794526441,0,0.0,0.0
6182,33576866.42402183,29553242.73611158,14882012.736111581,14032876.79613834,0,0.0,0.0
6183,34579261.69244768,30393580.53966567,15722350.53966567,14692748.163427236,0,0.0,0.0
6184,36080042.03821655,31819356.629959427,17148126.629959427,15812332.233274922,0,0.0,0.0
6185,36158231.11919927,31798204.76853462,17126974.76853462,15795722.83207927,0,0.0,0.0
6186,36158231.11919927,31641334.431241356,16970104.431241356,15672541.126437826,0,0.0,0.0
6187,34656888.26205642,28987341.972163253,14316111.972163253,13588505.842841854,0,0.0,0.0
6188,31934333.212010924,25981066.04878027,11309836.04878027,11227841.600890124,0,0.0,0.0
6189,28762894.085532304,21964430.74947072,7293200.749470718,7973842.335426345,0,0.0,0.0
6190,25726457.68880801,18485264.145072408,3814034.145072408,5146112.101821796,0,0.0,0.0
6191,23502850.22747953,15727609.426956745,1056379.4269567449,2904798.4463044372,0,0.0,0.0
6192,23011777.79799817,14768221.654803086,96991.65480308607,1503538.20864861,0,0.0,0.0
6193,23403285.714285716,14951114.733310869,279884.73331086896,1637601.0744539513,0,0.0,0.0
6194,23752042.766151045,15234244.354818044,563014.3548180442,1845138.5535281976,0,0.0,0.0
6195,23030903.18471337,17817937.619912542,3146707.6199125424,3739017.350400151,0,0.0,0.0
6196,22958901.728844408,14057014.571868468,0.0,1432442.138156523,0,0.0,0.0
6197,23889295.54140127,14321674.671241619,0.0,1432442.138156523,0,0.0,0.0
6198,24610997.634212915,13591263.317196166,0.0,1432442.138156523,0,0.0,0.0
6199,26287844.04003639,14211456.920792088,0.0,977525.6992913001,0,0.0,0.0
6200,28919834.758871704,16174709.115961848,1503479.1159618478,1503479.1159618478,0,0.0,0.0
6201,30687808.007279348,17931890.350508355,3260660.3505083546,3260660.3505083546,0,0.0,0.0
6202,31257632.029117383,18399792.297046065,3728562.2970460653,3728562.2970460653,0,0.0,0.0
6203,32521032.575068247,20197346.382795654,5526116.382795654,5478918.884189716,0,0.0,0.0
6204,32840539.03548681,21021796.592097368,6350566.592097368,6062241.462273958,0,0.0,0.0
6205,32039522.8389445,20544516.306957856,5873286.306957856,5724551.734919572,0,0.0,0.0
6206,32637472.42948134,21029435.75636777,6358205.756367769,6067646.393883344,0,0.0,0.0
6207,34809328.844404,23455880.00387042,8784650.00387042,7784426.495412742,0,0.0,0.0
6208,36635240.764331214,25848875.427050665,11177645.427050665,9477540.577796899,0,0.0,0.0
6209,37066686.98817106,27570398.061171174,12899168.061171174,10695568.070343828,0,0.0,0.0
6210,37585322.47497724,29225206.51802191,14553976.518021911,11866393.335951257,0,0.0,0.0
6211,36586302.27479527,28898579.82282836,14227349.82282836,11635295.419106998,0,0.0,0.0
6212,33834496.633303,26525026.96143582,11853796.96143582,9955937.51646373,0,0.0,0.0
6213,30233861.328480434,23176269.37508883,8505039.37508883,7586593.817343832,0,0.0,0.0
6214,26198967.242948133,18813938.68848916,4142708.6884891614,4469098.328247989,0,0.0,0.0
6215,24752750.50045496,17668874.94259167,2997644.942591671,3629752.5828687623,0,0.0,0.0
6216,24570496.81528663,17460285.953910038,2789055.953910038,4385028.264815236,0,0.0,0.0
6217,24342117.197452236,16817227.648906417,2145997.648906417,3860264.5299747083,0,0.0,0.0
6218,24028798.362147406,17316718.314102888,2645488.314102888,4267870.784255187,0,0.0,0.0
6219,24238615.10464058,18098994.28560168,3427764.2856016792,4906242.230958453,0,0.0,0.0
6220,24990692.811646946,19294875.105713274,4623645.105713274,5882133.344879111,0,0.0,0.0
6221,29915479.89080983,24593187.77851243,9921957.77851243,10205788.486095805,0,0.0,0.0
6222,35950664.422202006,30883419.838370595,16212189.838370595,15236910.062564865,0,0.0,0.0
6223,37995393.26660601,32381245.632771574,17710015.632771574,16427004.570330791,0,0.0,0.0
6224,38751408.55323022,32867643.126365114,18196413.126365114,16813470.732070465,0,0.0,0.0
6225,38972194.26751593,33113474.907682203,18442244.907682203,17008795.88528483,0,0.0,0.0
6226,39370733.57597815,33033591.90149875,18362361.90149875,16945325.001502384,0,0.0,0.0
6227,39547924.65878071,32357432.73390512,17686202.73390512,16408084.078868536,0,0.0,0.0
6228,38861098.271155596,30403150.808513,15731920.808513,14855313.25950528,0,0.0,0.0
6229,37988080.61874431,29339560.68820878,14668330.688208781,14402860.212920288,0,0.0,0.0
6230,38276648.95359417,29186366.54699344,14515136.546993438,14515136.546993438,0,0.0,0.0
6231,40119998.72611465,30533825.40912979,15862595.409129791,15862595.409129791,0,0.0,0.0
6232,40707260.60054595,30875056.48518458,16203826.48518458,16203826.48518458,0,0.0,0.0
6233,40113248.58962693,29961318.742883816,15290088.742883816,15290088.742883816,0,0.0,0.0
6234,39523736.66969973,28594882.153722852,13923652.153722852,13923652.153722852,0,0.0,0.0
6235,37632573.43039126,26880887.149727587,12209657.149727587,12209657.149727587,0,0.0,0.0
6236,34384070.24567788,23993955.628650323,9322725.628650323,9716788.812891386,0,0.0,0.0
6237,30731683.8944495,19563175.033695757,4891945.033695757,6101077.834313458,0,0.0,0.0
6238,26120215.650591444,14376774.633188779,0.0,2109036.4804547084,0,0.0,0.0
6239,25198822.0200182,13197306.28164826,0.0,2109036.4804547084,0,0.0,0.0
6240,24629560.509554133,11844670.04205552,0.0,1546740.3541430866,0,0.0,0.0
6241,24267865.696087345,11565736.120739812,0.0,1546740.3541430866,0,0.0,0.0
6242,23768355.595996354,11108383.425249374,0.0,1546740.3541430866,0,0.0,0.0
6243,23412285.89626933,11184295.416699719,0.0,1546740.3541430866,0,0.0,0.0
6244,23782980.891719747,11874104.080500716,0.0,1546740.3541430866,0,0.0,0.0
6245,28117131.028207462,16324027.401535042,1652797.4015350416,1872514.1850513874,0,0.0,0.0
6246,34370569.97270244,21844050.146714024,7172820.146714024,6734689.110889083,0,0.0,0.0
6247,36103667.51592357,23060542.501962245,8389312.501962245,7586838.000211498,0,0.0,0.0
6248,36891745.95086442,23786671.181757234,9115441.181757234,8095488.749493186,0,0.0,0.0
6249,36954184.71337579,24129036.854790695,9457806.854790695,8335314.776150011,0,0.0,0.0
6250,35623282.80254777,22524781.088853784,7853551.088853784,7211538.894423838,0,0.0,0.0
6251,37303504.2766151,23587348.72334023,8916118.723340228,7955864.02367861,0,0.0,0.0
6252,37545946.6787989,23442213.775621276,8770983.775621276,7854197.470685483,0,0.0,0.0
6253,37102687.71610556,22353324.2126782,7682094.2126782015,7091433.917216727,0,0.0,0.0
6254,36722992.53867152,21755817.665702924,7084587.665702924,6672882.54846278,0,0.0,0.0
6255,38070769.79071883,23178841.00592544,8507611.00592544,7669705.712717728,0,0.0,0.0
6256,39196355.05004549,30451775.92710858,15780545.927108578,12764372.677505856,0,0.0,0.0
6257,38705282.620564155,23839793.12307524,9168563.12307524,8132700.494472505,0,0.0,0.0
6258,38698532.484076425,24476078.728630383,9804848.728630383,8578416.466074334,0,0.0,0.0
6259,37157813.83075522,22898176.687906973,8226946.687906973,7473101.28208564,0,0.0,0.0
6260,33629179.98180163,19344870.675039865,4673640.675039865,4954440.727390824,0,0.0,0.0
6261,29101525.932666056,15142326.579435868,471096.5794358682,1890231.8848790578,0,0.0,0.0
6262,25571767.060964506,12373327.638052823,0.0,1546740.3541430866,0,0.0,0.0
6263,24477682.438580528,12194799.588400755,0.0,1546740.3541430866,0,0.0,0.0
6264,24892253.321201097,13439687.715614263,0.0,1587055.793959554,0,0.0,0.0
6265,24748812.920837115,13474771.366256353,0.0,1587055.793959554,0,0.0,0.0
6266,24653748.498635124,13347598.616206795,0.0,1587055.793959554,0,0.0,0.0
6267,24700999.454049136,13481223.287446491,0.0,1587055.793959554,0,0.0,0.0
6268,23883670.42766151,13167289.693268871,0.0,1587055.793959554,0,0.0,0.0
6269,28158756.86988171,16816953.948683657,2145723.9486836568,3134305.0661005434,0,0.0,0.0
6270,33598804.367606916,20993665.275213722,6322435.275213722,6126923.3845542595,0,0.0,0.0
6271,34933081.3466788,21534568.30781342,6863338.307813421,6500645.586913296,0,0.0,0.0
6272,35058521.38307553,20946810.518773574,6275580.518773574,6094550.368112389,0,0.0,0.0
6273,36064854.23111919,21317157.022492617,6645927.022492617,6350431.187157968,0,0.0,0.0
6274,36251608.007279344,21873624.55183898,7202394.551838979,6734907.254169629,0,0.0,0.0
6275,36956997.27024567,24136187.38972237,9464957.38972237,8298163.356997322,0,0.0,0.0
6276,36952497.179253876,25239059.35690834,10567829.35690834,9060162.672319727,0,0.0,0.0
6277,37466070.06369427,25743957.734504506,11072727.734504506,9409008.439990593,0,0.0,0.0
6278,38010018.5623294,29967480.388573408,15296250.388573408,12327136.261174452,0,0.0,0.0
6279,38807097.17925386,24546884.523988612,9875654.523988612,8581923.344037578,0,0.0,0.0
6280,39464672.9754322,24491945.805806994,9820715.805806994,8543964.934644053,0,0.0,0.0
6281,38579280.07279344,23026997.067336693,8355767.067336693,7531798.546423079,0,0.0,0.0
6282,38896536.4877161,23440570.171193942,8769340.171193942,7817545.606237365,0,0.0,0.0
6283,37496445.67788899,22342066.112347417,7670836.112347417,7109317.130487912,0,0.0,0.0
6284,34236692.265696086,19302473.071076956,4631243.071076956,4926575.528186215,0,0.0,0.0
6285,29969480.982711554,15408631.711023547,737401.7110235468,2118785.0787804835,0,0.0,0.0
6286,25909273.88535032,11901610.139074335,0.0,1587055.793959554,0,0.0,0.0
6287,23797043.67606915,10723671.891417073,0.0,1587055.793959554,0,0.0,0.0
6288,23680041.31028207,11073631.839641228,0.0,1713675.895813783,0,0.0,0.0
6289,23554038.76251137,11438500.17401639,0.0,1713675.895813783,0,0.0,0.0
6290,23528725.750682436,12022990.0152779,0.0,1713675.895813783,0,0.0,0.0
6291,23795918.653321203,12942389.306089638,0.0,1713675.895813783,0,0.0,0.0
6292,24856252.593266606,14625124.713536587,0.0,1713675.895813783,0,0.0,0.0
6293,30009419.29026387,20169457.530005515,5498227.530005515,5853708.138151252,0,0.0,0.0
6294,36309546.6787989,26779662.345896367,12108432.345896367,11838333.859588584,0,0.0,0.0
6295,38008893.53958144,28843221.75785296,14171991.75785296,13526269.791992508,0,0.0,0.0
6296,38839722.8389445,29801850.61720228,15130620.617202278,14310402.338969136,0,0.0,0.0
6297,39824680.25477706,31011544.12482263,16340314.124822631,15299898.995511763,0,0.0,0.0
6298,39819055.14103731,31227376.15937989,16556146.159379888,15476443.777494863,0,0.0,0.0
6299,40863076.2511374,32274432.503502306,17603202.503502306,16332907.621596133,0,0.0,0.0
6300,40214500.63694267,31941439.13431403,17270209.13431403,16060528.028428918,0,0.0,0.0
6301,39732990.90081892,31547698.129306577,16876468.129306577,15738458.507889766,0,0.0,0.0
6302,39738053.503184706,31653714.175322667,16982484.175322667,15825176.773642182,0,0.0,0.0
6303,41803032.75705186,32861051.565047905,18189821.565047905,16812746.189305253,0,0.0,0.0
6304,41857596.36032756,31410372.993989967,16739142.993989967,15626130.251683481,0,0.0,0.0
6305,41028454.59508644,31046731.911038943,16375501.911038943,15328681.655411027,0,0.0,0.0
6306,40562413.92174704,30619222.451787546,15947992.451787546,14978990.450238116,0,0.0,0.0
6307,38996101.00090992,28797107.19968476,14125877.199684761,13488549.327397197,0,0.0,0.0
6308,35182273.88535031,24975728.573245104,10304498.573245104,10356158.729264336,0,0.0,0.0
6309,30524679.7088262,19838305.49761891,5167075.49761891,6047352.199410102,0,0.0,0.0
6310,26205717.379435852,14811242.919292154,140012.9192921538,1831106.0883498436,0,0.0,0.0
6311,24000672.79344859,12534097.154044215,0.0,1713675.895813783,0,0.0,0.0
6312,23850482.256596904,11330124.921457509,0.0,1626653.5899021362,0,0.0,0.0
6313,23555726.296633303,11807180.645593856,0.0,1626653.5899021362,0,0.0,0.0
6314,23241282.438580524,10489605.397950701,0.0,1626653.5899021362,0,0.0,0.0
6315,23112467.33393994,10101108.762647161,0.0,1626653.5899021362,0,0.0,0.0
6316,23816169.06278435,10537669.571371857,0.0,1626653.5899021362,0,0.0,0.0
6317,27970315.559599627,15326048.33905354,654818.3390535396,1959531.9668609109,0,0.0,0.0
6318,33035167.97088262,19871557.716374744,5200327.716374744,4884306.199574648,0,0.0,0.0
6319,33917185.80527752,19552845.493379526,4881615.493379526,4694896.476009461,0,0.0,0.0
6320,34488697.36123749,19573144.56320831,4901914.563208312,4706960.152666632,0,0.0,0.0
6321,35044458.598726116,20081194.379035234,5409964.379035234,5008892.642951332,0,0.0,0.0
6322,35488842.58416742,20333786.35960089,5662556.35960089,5159007.303644594,0,0.0,0.0
6323,37158376.342129216,22105296.429539233,7434066.429539233,6211810.454670888,0,0.0,0.0
6324,36634678.252957225,21571475.515740193,6900245.515740193,5894562.277723793,0,0.0,0.0
6325,36229107.55232029,21271997.34714254,6600767.34714254,5716583.295321417,0,0.0,0.0
6326,35618782.711555965,20379950.566775337,5708720.566775337,5186442.554283381,0,0.0,0.0
6327,37619635.66878979,22409867.291946087,7738637.291946087,6392816.00981509,0,0.0,0.0
6328,38674907.00636942,23235465.7076987,8564235.7076987,6883466.685945269,0,0.0,0.0
6329,38454965.05914467,23064785.870134138,8393555.870134138,6782032.1675341595,0,0.0,0.0
6330,38649593.99454049,23813172.758931696,9141942.758931696,7226796.263478734,0,0.0,0.0
6331,37398006.187443115,23020491.874034736,8349261.874034736,6755708.377759358,0,0.0,0.0
6332,34520197.99818017,20056754.705988407,5385524.705988407,4994368.218151056,0,0.0,0.0
6333,30646182.16560509,16428659.15950629,1757429.1595062893,2737568.6296321764,0,0.0,0.0
6334,27195737.39763421,13282802.547168747,0.0,1626653.5899021362,0,0.0,0.0
6335,25773146.132848036,12499812.496931508,0.0,1626653.5899021362,0,0.0,0.0
6336,25665706.46041856,12783069.642444178,0.0,1873691.6454442467,0,0.0,0.0
6337,25235947.770700634,12657509.560754996,0.0,1873691.6454442467,0,0.0,0.0
6338,25116695.359417655,12586927.403359119,0.0,1873691.6454442467,0,0.0,0.0
6339,25166758.87170154,13052934.48043311,0.0,1873691.6454442467,0,0.0,0.0
6340,25291073.885350317,13380309.148858303,0.0,1872101.453824647,0,0.0,0.0
6341,25647143.585077338,14098303.43818877,0.0,174372.81446816176,0,0.0,0.0
6342,28981711.010009095,18350602.206048705,3679372.2060487047,3679372.2060487047,0,0.0,0.0
6343,32719599.090081885,22588189.941937186,7916959.941937186,7916959.941937186,0,0.0,0.0
6344,35220524.658780724,25788460.312904224,11117230.312904224,10948673.580571983,0,0.0,0.0
6345,36239232.75705186,26733392.241464145,12062162.241464145,11697711.30965901,0,0.0,0.0
6346,36830994.72247497,27775805.993530687,13104575.993530687,12524021.868142277,0,0.0,0.0
6347,36881058.234758876,28313837.999195598,13642607.999195598,12950514.252957303,0,0.0,0.0
6348,36799494.08553229,28240249.850972265,13569019.850972265,12892181.69188391,0,0.0,0.0
6349,36269608.37124659,28146164.320980098,13474934.320980098,12817601.069094826,0,0.0,0.0
6350,35876975.4322111,29041261.046972133,14370031.046972133,13527134.95051643,0,0.0,0.0
6351,36881620.74613284,30956634.037290532,16285404.037290532,15045431.233730389,0,0.0,0.0
6352,38052206.91537761,32834859.99638578,18163629.99638578,16534281.450969933,0,0.0,0.0
6353,37965017.65241127,33247235.48711972,18576005.48711972,16861167.22101819,0,0.0,0.0
6354,38003268.425841674,33632280.84791334,18961050.84791334,17166388.680815738,0,0.0,0.0
6355,36735367.788899,32645204.32691945,17973974.32691945,16383943.370869245,0,0.0,0.0
6356,34633825.295723386,30909483.529094562,16238253.529094562,15008055.51541993,0,0.0,0.0
6357,31569263.330300268,27835424.712929834,13164194.712929834,12571281.00802325,0,0.0,0.0
6358,28340448.043676063,24636953.842108812,9965723.842108812,10027352.608259607,0,0.0,0.0
6359,26133715.923566878,22321217.47755782,7649987.477557819,8132685.497775451,0,0.0,0.0
6360,25845147.588717017,22159989.04560326,7488759.04560326,8047969.433674604,0,0.0,0.0
6361,25034568.698817104,21546223.417562794,6874993.417562794,7687804.005983682,0,0.0,0.0
6362,24355054.959053688,20883803.11913818,6212573.119138181,7299087.402782956,0,0.0,0.0
6363,24294303.730664235,20681416.88010128,6010186.880101278,7180324.599831279,0,0.0,0.0
6364,24624497.907188356,20594091.681975592,5922861.681975592,7129081.069900242,0,0.0,0.0
6365,25593142.493175607,21350080.135191027,6678850.135191027,7572704.648905526,0,0.0,0.0
6366,28052442.22020018,23305305.0068535,8634075.006853499,8720055.314961081,0,0.0,0.0
6367,30398677.161055505,25326820.493798453,10655590.493798453,9882631.40138642,0,0.0,0.0
6368,33826621.47406732,28150389.86780901,13479159.867809009,11502232.44879416,0,0.0,0.0
6369,35351589.808917195,28754593.497730814,14083363.497730814,11848804.004951458,0,0.0,0.0
6370,34951644.222020015,26975932.03824059,12304702.03824059,11047660.06162717,0,0.0,0.0
6371,35619907.73430391,26218820.97476963,11547590.97476963,11430024.979607115,0,0.0,0.0
6372,35023083.16651502,24522586.71239218,9851356.712392181,9851356.712392181,0,0.0,0.0
6373,34452696.633302994,23253881.766551085,8582651.766551085,8689879.507632315,0,0.0,0.0
6374,34485884.80436761,23288443.81634362,8617213.81634362,8710160.95526754,0,0.0,0.0
6375,36611615.2866242,24459741.70076398,9788511.700763982,9588336.820758829,0,0.0,0.0
6376,38548341.94722474,25474246.22813108,10803016.228131078,10803016.228131078,0,0.0,0.0
6377,39045602.00181983,26271681.739221,11600451.739221,11600451.739221,0,0.0,0.0
6378,39306044.76797088,26116217.423395544,11444987.423395544,11444987.423395544,0,0.0,0.0
6379,37805826.93357598,24546909.173024505,9875679.173024505,9875679.173024505,0,0.0,0.0
6380,34700201.63785259,22193593.264849693,7522363.264849693,8067688.814239705,0,0.0,0.0
6381,31284070.063694257,19600724.100263715,4929494.100263715,6546160.418146238,0,0.0,0.0
6382,28017566.515013646,17000186.06367666,2328956.063676659,5020131.831038503,0,0.0,0.0
6383,26622538.307552323,16478771.208027197,1807541.208027197,4714159.003773881,0,0.0,0.0
6384,26224280.254777074,16562713.901575806,1891483.9015758056,4059830.841321812,0,0.0,0.0
6385,25499765.605095536,16277636.993044753,1606406.9930447526,3816913.6308545303,0,0.0,0.0
6386,25222447.4977252,16498274.941951495,1827044.9419514947,3463093.4340145965,0,0.0,0.0
6387,25481765.241128284,17116903.47573061,2445673.475730609,2445673.475730609,0,0.0,0.0
6388,26945982.347588718,19124901.597961657,4453671.597961657,4453671.597961657,0,0.0,0.0
6389,31777392.538671516,24110421.606337257,9439191.606337257,9439191.606337257,0,0.0,0.0
6390,37880078.43494087,30598203.736776084,15926973.736776084,15926973.736776084,0,0.0,0.0
6391,39307169.79071882,32504527.996340334,17833297.996340334,17611770.54542382,0,0.0,0.0
6392,39596863.14831665,33298601.33086712,18627371.33086712,18268456.891175654,0,0.0,0.0
6393,40247126.2966333,34772688.3451566,20101458.345156603,19487504.01521853,0,0.0,0.0
6394,39949557.77979983,34738437.26481235,20067207.26481235,19459178.902396634,0,0.0,0.0
6395,41914410.00909918,36765325.33904213,22094095.339042127,21135383.938934177,0,0.0,0.0
6396,41686592.90263877,36597735.939596236,21926505.939596236,20996790.10191224,0,0.0,0.0
6397,41265271.883530475,36374130.07874857,21702900.07874857,20811871.519126333,0,0.0,0.0
6398,41453150.682438575,36569359.5197269,21898129.519726902,20973323.24229198,0,0.0,0.0
6399,43393814.92265696,38635607.23979353,23964377.23979353,22682078.096171107,0,0.0,0.0
6400,44694341.21929026,40205853.01701834,25534623.01701834,23980647.027455665,0,0.0,0.0
6401,44752842.4021838,40831686.62099181,26160456.62099181,24498201.72243479,0,0.0,0.0
6402,44466524.11282984,40961896.05278389,26290666.05278389,24605882.90530301,0,0.0,0.0
6403,42217603.63967242,38799269.247026764,24128039.247026764,22817424.04067693,0,0.0,0.0
6404,38709782.711555935,35689915.32818627,21018685.328186274,20246036.520367663,0,0.0,0.0
6405,33994812.37488626,31110471.124437854,16439241.124437854,16455842.4629075,0,0.0,0.0
6406,29219653.321201097,26291776.646819625,11620546.646819625,12350073.620765807,0,0.0,0.0
6407,27463492.811646953,24550628.21600061,9879398.21600061,10866421.640661746,0,0.0,0.0
6408,27678372.156505913,24609697.766689226,9938467.766689226,10909848.158369653,0,0.0,0.0
6409,27324552.50227479,24227875.136734888,9556645.136734888,10616711.719691526,0,0.0,0.0
6410,27098985.441310283,24046493.722044617,9375263.722044617,10477459.88448451,0,0.0,0.0
6411,27329052.593266603,23803027.727530755,9131797.727530755,10290543.895299803,0,0.0,0.0
6412,28690892.629663326,24859504.108784582,10188274.108784582,11101631.81846806,0,0.0,0.0
6413,33068918.653321203,28773101.09492352,14101871.094923519,14105779.412555773,0,0.0,0.0
6414,38293524.29481347,33894315.84610572,19223085.846105717,17960027.11532199,0,0.0,0.0
6415,39239668.425841674,34784752.11000858,20113522.110008582,18630027.904826403,0,0.0,0.0
6416,39681802.365787074,34493120.00053016,19821890.00053016,18410591.936732568,0,0.0,0.0
6417,39191854.95905369,32968154.852080286,18296924.852080286,17263145.57268873,0,0.0,0.0
6418,38565779.799818024,31992483.939574778,17321253.939574778,16529010.73544619,0,0.0,0.0
6419,39542299.54504094,32559576.16572334,17888346.16572334,17031774.426124625,0,0.0,0.0
6420,38962912.82984532,31356136.60983879,16684906.609838791,16581121.11468484,0,0.0,0.0
6421,38736783.25750682,30898461.369231753,16227231.369231753,16227231.369231753,0,0.0,0.0
6422,38969662.966333024,30999815.594463617,16328585.594463617,16328585.594463617,0,0.0,0.0
6423,40892326.84258417,32608063.50546384,17936833.50546384,17936833.50546384,0,0.0,0.0
6424,42328980.89171975,33419412.77875051,18748182.77875051,18748182.77875051,0,0.0,0.0
6425,42296917.74340309,32923944.166680742,18252714.166680742,18252714.166680742,0,0.0,0.0
6426,42493796.72429481,32497099.205776595,17825869.205776595,17825869.205776595,0,0.0,0.0
6427,39891619.10828025,29682305.015338518,15011075.015338518,15011075.015338518,0,0.0,0.0
6428,36016478.252957225,25534851.74363159,10863621.74363159,11620116.017721582,0,0.0,0.0
6429,31074815.832575068,20384649.217537552,5713419.217537552,7666154.39121753,0,0.0,0.0
6430,26783416.560509555,16514891.390126344,1843661.3901263438,4695227.738154057,0,0.0,0.0
6431,25584704.82256597,15886665.564296896,1215435.5642968956,4212920.334605727,0,0.0,0.0
6432,25473327.57051865,15805978.794689247,1134748.7946892474,3020648.488502157,0,0.0,0.0
6433,25171258.96269336,15269658.47488447,598428.4748844709,2578965.717162279,0,0.0,0.0
6434,24913066.242038216,15088808.394999707,417578.3949997071,1767548.3928024333,0,0.0,0.0
6435,24945691.90172884,15064748.19421959,393518.19421958923,393518.19421958923,0,0.0,0.0
6436,25766395.996360328,15721075.326293347,1049845.3262933474,1049845.3262933474,0,0.0,0.0
6437,30653494.813466795,20686239.552595712,6015009.552595712,6015009.552595712,0,0.0,0.0
6438,36433861.69244766,25620772.714457907,10949542.714457907,10949542.714457907,0,0.0,0.0
6439,37623010.737033665,26591485.964133948,11920255.964133948,11899527.007242724,0,0.0,0.0
6440,38184397.08826205,27022991.241460487,12351761.241460487,12244989.9123713,0,0.0,0.0
6441,38478028.02547769,36435360.91668315,21764130.916683152,19761169.89237759,0,0.0,0.0
6442,39272856.59690626,28024891.26742217,13353661.26742217,13045049.958559703,0,0.0,0.0
6443,40051934.84986349,33380493.105000705,18709263.105000705,17321727.21428388,0,0.0,0.0
6444,39928744.858962685,28973309.620202966,14302079.620202966,13802402.600010522,0,0.0,0.0
6445,39472548.13466788,29178610.859350063,14507380.859350063,13966344.425161095,0,0.0,0.0
6446,40285939.58143768,31098266.03251148,16427036.03251148,15499271.230938094,0,0.0,0.0
6447,42300855.323020935,32786486.21803712,18115256.21803712,16847387.295024827,0,0.0,0.0
6448,43569318.47133759,34175466.275451176,19504236.275451176,17956547.31108809,0,0.0,0.0
6449,42743551.7743403,33765707.05899536,19094477.05899536,17629337.041451566,0,0.0,0.0
6450,42404919.92720654,34293045.830478966,19621815.830478966,18050439.617494665,0,0.0,0.0
6451,40714010.737033665,33280570.578323334,18609340.578323334,17241934.800632596,0,0.0,0.0
6452,37414881.52866241,30259706.30450372,15588476.30450372,14829645.402674783,0,0.0,0.0
6453,32479406.733393993,25532669.184333805,10861439.184333805,11030994.933751464,0,0.0,0.0
6454,28250446.22383986,21667702.524990007,6996472.524990007,7848029.228001981,0,0.0,0.0
6455,25581329.75432211,19709195.529349633,5037965.529349633,6235114.770765204,0,0.0,0.0
6456,25204447.133757956,20160498.621833056,5489268.621833056,7147291.275370685,0,0.0,0.0
6457,25000255.50500454,20206819.803421758,5535589.803421758,7184244.033633604,0,0.0,0.0
6458,24867502.820746135,20217238.96432705,5546008.9643270485,7192555.92726478,0,0.0,0.0
6459,24530558.507734302,19431297.739044204,4760067.739044204,6565570.709905274,0,0.0,0.0
6460,25552079.16287534,20161523.13931328,5490293.139313281,7148108.58497904,0,0.0,0.0
6461,31021939.76342129,25648902.786900356,10977672.786900356,11525669.922136722,0,0.0,0.0
6462,36395610.919017285,30774755.7799476,16103525.779947601,15556021.387146613,0,0.0,0.0
6463,37412068.97179253,30980244.07294087,16309014.072940871,15714947.255622163,0,0.0,0.0
6464,37965017.65241127,31123533.185560063,16452303.185560063,15825767.907905456,0,0.0,0.0
6465,37747888.26205641,30145849.55254536,15474619.552545361,15069621.568822876,0,0.0,0.0
6466,38078644.9499545,30466771.02591393,15795541.025913931,15317824.145838894,0,0.0,0.0
6467,39286356.8698817,31291379.23008637,16620149.230086371,15955581.037441757,0,0.0,0.0
6468,39571550.13648771,31260468.907118503,16589238.907118503,15931674.809739098,0,0.0,0.0
6469,39724553.23020928,31814883.7829834,17143653.7829834,16360462.57355335,0,0.0,0.0
6470,40305064.968152866,32555956.24092771,17884726.24092771,16933612.421977878,0,0.0,0.0
6471,42183290.445859864,35046093.98196889,20374863.981968887,18859499.767451443,0,0.0,0.0
6472,43337563.78525933,36363166.13267548,21691936.132675476,19878131.20551032,0,0.0,0.0
6473,42988806.733393975,35899763.9094273,21228533.9094273,19519733.168763652,0,0.0,0.0
6474,42835241.128298454,35412998.44667708,20741768.44667708,20302905.969946727,0,0.0,0.0
6475,40939577.797998175,32944077.327780448,18272847.327780448,18272847.327780448,0,0.0,0.0
6476,37390131.028207466,28738009.756776467,14066779.756776467,14066779.756776467,0,0.0,0.0
6477,32830413.830755234,24274755.843234424,9603525.843234424,10429443.140231723,0,0.0,0.0
6478,28366323.566878986,19170438.466019854,4499208.466019854,6357470.024082927,0,0.0,0.0
6479,27525369.062784355,17846786.020239186,3175556.0202391855,5301525.266728377,0,0.0,0.0
6480,26918981.80163786,18077571.51725776,3406341.517257761,5647030.148814307,0,0.0,0.0
6481,26633788.53503184,18826465.753074598,4155235.7530745976,6259894.054501047,0,0.0,0.0
6482,26309781.98362147,19138942.002479397,4467712.002479397,6515611.625134629,0,0.0,0.0
6483,26279406.369426753,19644277.15865197,4973047.15865197,6929156.906538677,0,0.0,0.0
6484,26903793.994540483,20080018.599684246,5408788.599684246,6023971.6946097175,0,0.0,0.0
6485,31526512.46587807,24787317.645694394,10116087.645694394,10116087.645694394,0,0.0,0.0
6486,37439632.02911737,30778562.624827947,16107332.624827947,16029436.324475547,0,0.0,0.0
6487,38654094.08553229,32012563.904228333,17341333.904228333,17000658.73515928,0,0.0,0.0
6488,39058539.76342129,32459035.35113079,17787805.35113079,17352054.703867476,0,0.0,0.0
6489,39262731.392174706,32968209.131269414,18296979.131269414,17752800.630519584,0,0.0,0.0
6490,39069789.99090081,33390463.126598585,18719233.126598585,18085136.22053105,0,0.0,0.0
6491,40980641.12829845,35444234.15594566,20773004.15594566,19701559.54473062,0,0.0,0.0
6492,40688697.72520472,35289134.72506145,20617904.725061446,19579488.323514175,0,0.0,0.0
6493,40044622.20200182,34990170.11258667,20318940.11258667,19344187.812498514,0,0.0,0.0
6494,40023246.76979072,35031627.76012203,20360397.76012203,19376817.11122999,0,0.0,0.0
6495,41267521.929026395,36425982.46153386,21754752.46153386,20474245.90410081,0,0.0,0.0
6496,42584361.05550501,37816732.966729894,23145502.966729894,21568838.009363808,0,0.0,0.0
6497,42622049.31756142,37866219.982022926,23194989.982022926,21607786.833074767,0,0.0,0.0
6498,42354293.90354868,37800132.73733514,23128902.737335138,21555772.77589945,0,0.0,0.0
6499,40009746.49681529,35487669.22030661,20816439.220306613,19735745.1721048,0,0.0,0.0
6500,37130813.28480436,33116220.61271423,18444990.61271423,17869293.27134372,0,0.0,0.0
6501,33208983.9854413,29632541.737838976,14961311.737838976,15103137.354333537,0,0.0,0.0
6502,29235966.151046395,25887550.261916,11216320.261916,12038392.036599426,0,0.0,0.0
6503,26401471.337579615,23118639.50328757,8447409.503287569,9772430.595221609,0,0.0,0.0
6504,25653893.721565053,22579967.372619882,7908737.372619882,9096137.974671185,0,0.0,0.0
6505,25417076.433121014,22320531.794272937,7649301.794272937,8922913.090194328,0,0.0,0.0
6506,25608892.811646953,22328999.145907987,7657769.145907987,8928566.732682973,0,0.0,0.0
6507,25606080.25477707,22020999.42989405,7349769.429894049,8722915.620505642,0,0.0,0.0
6508,25457014.740673337,21425688.049012464,6754458.049012464,8325426.787871205,0,0.0,0.0
6509,27655309.19017288,23218679.438530907,8547449.438530907,9522605.402679255,0,0.0,0.0
6510,29691600.36396724,24684147.832023285,10012917.832023285,10501097.230148304,0,0.0,0.0
6511,32090711.373976346,26890088.873020392,12218858.873020392,11955638.563248415,0,0.0,0.0
6512,33884560.14558689,28463947.040155955,13792717.040155955,12967051.376648452,0,0.0,0.0
6513,34276068.061874434,28669192.88651504,13997962.88651504,13098949.080799606,0,0.0,0.0
6514,34129252.59326661,28637300.20511478,13966070.205114782,13078453.799016608,0,0.0,0.0
6515,34375070.06369426,28784216.232168656,14112986.232168656,13172866.850560222,0,0.0,0.0
6516,33851371.97452229,28175062.238505963,13503832.238505963,12781404.540048743,0,0.0,0.0
6517,33154420.382165596,27397319.838699862,12726089.838699862,12281601.79726409,0,0.0,0.0
6518,33278735.395814378,27585233.73733746,12914003.737337459,12402361.424063196,0,0.0,0.0
6519,34759827.84349408,29019013.182652548,14347783.182652548,13323755.062233625,0,0.0,0.0
6520,37171876.61510463,31109009.08066161,16437779.08066161,14666854.888723768,0,0.0,0.0
6521,37598822.74795267,31359003.460440714,16687773.460440714,14843126.84205522,0,0.0,0.0
6522,37022248.58962693,30677416.908211417,16006186.908211417,15711801.199219048,0,0.0,0.0
6523,35410090.99181074,29087258.44613558,14416028.44613558,14416028.44613558,0,0.0,0.0
6524,33038543.03912648,26979120.89872878,12307890.89872878,12307890.89872878,0,0.0,0.0
6525,30123046.587807097,23770958.61900506,9099728.619005062,9891361.676765399,0,0.0,0.0
6526,26481910.464058243,19866428.238980815,5195198.238980815,7284310.522387686,0,0.0,0.0
6527,24442806.733393993,17863514.727952927,3192284.7279529274,5946967.110294282,0,0.0,0.0
6528,23647978.161965426,16795926.386203293,2124696.3862032928,3670296.7053474453,0,0.0,0.0
6529,23437036.396724295,16737811.55224371,2066581.5522437096,3626922.396212996,0,0.0,0.0
6530,23948921.747042764,17517058.92563352,2845828.92563352,4208517.733629304,0,0.0,0.0
6531,23710416.924476795,19830872.20680667,5159642.206806671,5935444.33221157,0,0.0,0.0
6532,23974234.758871697,17884500.11743506,3213270.1174350604,4482759.381691382,0,0.0,0.0
6533,24389368.152866237,18322962.89182417,3651732.891824171,4810008.357977324,0,0.0,0.0
6534,26018963.603275705,20232629.144463405,5561399.144463405,6028462.094031189,0,0.0,0.0
6535,28720143.2211101,22606424.78842258,7935194.788422581,7935194.788422581,0,0.0,0.0
6536,31541700.27297543,24945755.35741575,10274525.35741575,9697021.813664498,0,0.0,0.0
6537,32994667.15195633,25853679.63677378,11182449.63677378,10349985.85236102,0,0.0,0.0
6538,34563511.37397634,27169465.132965904,12498235.132965904,11296276.89356922,0,0.0,0.0
6539,34009437.67060964,26395618.77761552,11724388.777615521,10739739.46747742,0,0.0,0.0
6540,34660263.33030027,26951887.514716946,12280657.514716946,11139798.689855728,0,0.0,0.0
6541,33833371.610555045,26311042.726591747,11639812.726591747,10678913.77847555,0,0.0,0.0
6542,34037563.23930847,26868449.65815939,12197219.65815939,11079791.571380468,0,0.0,0.0
6543,35150773.24840764,27439662.346752685,12768432.346752685,11490598.23508408,0,0.0,0.0
6544,37007060.78252957,28957216.821294427,14285986.821294427,12581998.169161623,0,0.0,0.0
6545,37420506.64240217,28698868.752475955,14027638.752475955,12396198.535601398,0,0.0,0.0
6546,37624698.27115559,28075161.585345387,13403931.585345387,11947638.716161935,0,0.0,0.0
6547,36274670.97361238,26056328.345032062,11385098.345032062,10495727.432346655,0,0.0,0.0
6548,33327111.37397634,22509714.584868837,7838484.584868837,7934812.299249679,0,0.0,0.0
6549,29299529.93630574,18517947.67260938,3846717.6726093814,4955536.265089164,0,0.0,0.0
6550,25712957.415832575,14916275.752419766,245045.75241976604,2267409.6608591415,0,0.0,0.0
6551,24465307.188353047,13929918.25129666,0.0,2084518.4867239755,0,0.0,0.0
6552,24675123.93084623,14591501.63272313,0.0,1952952.2173698423,0,0.0,0.0
6553,24688061.692447685,14737833.737172337,66603.73717233725,2010039.8198345117,0,0.0,0.0
6554,25127945.586897172,15701971.652608225,1030741.6526082251,2836424.7101463336,0,0.0,0.0
6555,25121195.450409465,15861709.76256689,1190479.7625668906,2973339.936031969,0,0.0,0.0
6556,26777228.935395814,17213445.936984796,2542215.936984796,3519943.203925577,0,0.0,0.0
6557,32096336.487716105,22644445.67627732,7973215.676277321,7973215.676277321,0,0.0,0.0
6558,38631593.63057324,29476493.085248,14805263.085248,14618304.515122592,0,0.0,0.0
6559,40065435.122838944,31504896.51427642,16833666.51427642,16313111.13250084,0,0.0,0.0
6560,40697697.90718835,32668621.803407032,17997391.803407032,17285446.957122125,0,0.0,0.0
6561,40998078.98089172,33431711.229862586,18760481.229862586,17923036.59589911,0,0.0,0.0
6562,42020162.14740673,34531881.20525736,19860651.205257364,18842269.588634223,0,0.0,0.0
6563,42688425.659690626,35136269.86758596,20465039.867585957,19347258.827818036,0,0.0,0.0
6564,42461171.064604186,35243033.076080814,20571803.076080814,19436463.46515009,0,0.0,0.0
6565,41826095.72338489,35122432.97378186,20451202.97378186,19335697.587658636,0,0.0,0.0
6566,41527402.18380346,35154087.202255905,20482857.202255905,19362145.87458127,0,0.0,0.0
6567,43078246.04185623,36271317.3826432,21600087.3826432,20295633.30403314,0,0.0,0.0
6568,43814010.91901729,37199632.907862626,22528402.907862626,21071275.50254315,0,0.0,0.0
6569,44109891.901728846,36798460.588589355,22127230.588589355,20736081.087229516,0,0.0,0.0
6570,43669445.49590535,35700575.89536927,21029345.89536927,19818757.532871842,0,0.0,0.0
6571,40375941.401273884,32272184.882306423,17600954.882306423,16954209.143362265,0,0.0,0.0
6572,36293796.360327564,28216370.005464032,13545140.005464032,13559625.518984381,0,0.0,0.0
6573,31335821.11010009,22949355.34242116,8278125.342421159,9048324.770985715,0,0.0,0.0
6574,26730540.491355784,18843413.46597265,4172183.465972651,5529027.092850535,0,0.0,0.0
6575,24576121.929026384,16940080.54390861,2268850.543908611,3897636.4558422714,0,0.0,0.0
6576,24210489.535941757,15326641.595290573,655411.5952905733,2557355.420987848,0,0.0,0.0
6577,24712812.192902632,14750583.899562538,79353.89956253767,2106460.0243175756,0,0.0,0.0
6578,24796063.876251135,14659229.370922627,0.0,2044347.6555636718,0,0.0,0.0
6579,24756125.568698812,14548650.947345562,0.0,2044347.6555636718,0,0.0,0.0
6580,25710144.858962696,14997869.262447894,326639.2624478936,2280070.5626430865,0,0.0,0.0
6581,30825623.293903537,20022051.369305227,5350821.369305227,5384017.826633879,0,0.0,0.0
6582,36496862.966333024,25084739.413744763,10413509.413744763,10164854.950495431,0,0.0,0.0
6583,38528091.5377616,26884029.89624805,12212799.89624805,11518887.723267885,0,0.0,0.0
6584,38970787.989080966,26681720.712009005,12010490.712009005,11366642.56421419,0,0.0,0.0
6585,38695719.927206546,25715975.422153633,11044745.422153633,10639883.441476248,0,0.0,0.0
6586,39049539.58143766,25833482.18776585,11162252.187765852,10728311.637595022,0,0.0,0.0
6587,39389858.96269336,26284816.449508272,11613586.449508272,11067957.396752302,0,0.0,0.0
6588,38772783.985441305,26499865.499567218,11828635.499567218,11229789.776996033,0,0.0,0.0
6589,38589405.277525015,26660737.62866068,11989507.628660679,11350852.016326712,0,0.0,0.0
6590,38886973.79435851,26868462.49267388,12197232.492673881,11507172.67512454,0,0.0,0.0
6591,41310835.30482257,29926293.347059995,15255063.347059995,13808303.721331827,0,0.0,0.0
6592,42422920.29117379,30754767.76949591,16083537.769495908,14431761.428850673,0,0.0,0.0
6593,42821740.855323024,31404905.699096218,16733675.699096218,14921014.316064583,0,0.0,0.0
6594,43293687.89808917,31820682.315599054,17149452.315599054,15233901.629353791,0,0.0,0.0
6595,40976141.037306644,29963837.154859673,15292607.154859673,13836556.828136854,0,0.0,0.0
6596,37717512.64786169,26478189.10202959,11806959.102029592,11213477.48448573,0,0.0,0.0
6597,33129669.88171065,22712781.618647933,8041551.618647933,8338680.035503917,0,0.0,0.0
6598,28963710.64604186,19458550.545911714,4787320.545911714,5791508.4218278,0,0.0,0.0
6599,26303594.35850773,17238393.429853223,2567163.4298532233,4053733.488970836,0,0.0,0.0
6600,25345637.488626022,16978719.195009384,2307489.1950093843,4569033.72357842,0,0.0,0.0
6601,25563329.390354864,18146019.67575488,3474789.6757548787,5534567.049388509,0,0.0,0.0
6602,26176466.787989076,19046948.98470724,4375718.98470724,6279771.293146736,0,0.0,0.0
6603,26480785.44131029,20219889.202114526,5548659.202114526,7249969.530678847,0,0.0,0.0
6604,28461387.989080977,22299513.330519147,7628283.330519147,8970131.93466505,0,0.0,0.0
6605,33294485.714285713,27458732.76151018,12787502.761510178,13237583.527426705,0,0.0,0.0
6606,39277356.687898085,33524549.44657581,18853319.44657581,18149905.7874673,0,0.0,0.0
6607,40619508.82620565,34622759.913430534,19951529.913430534,19024984.411423918,0,0.0,0.0
6608,40905827.11555959,35422339.708762474,20751109.708762474,19662107.447636206,0,0.0,0.0
6609,40814700.27297543,35366367.16930173,20695137.169301733,19617507.27827984,0,0.0,0.0
6610,40912014.74067333,35014307.07885106,20343077.07885106,19336977.936409716,0,0.0,0.0
6611,40935077.70700636,34621449.182937235,19950219.182937235,19023939.99209714,0,0.0,0.0
6612,41724843.676069155,35435251.75117737,20764021.75117737,19672396.051369205,0,0.0,0.0
6613,41124081.52866242,34349842.45616223,19678612.45616223,18807517.68699533,0,0.0,0.0
6614,40002996.360327564,33103627.642347027,18432397.642347027,17814505.894318584,0,0.0,0.0
6615,41747906.64240217,34603590.50560559,19932360.505605593,19009709.799199954,0,0.0,0.0
6616,43228436.57870791,35655330.5412992,20984100.5412992,19847759.745883454,0,0.0,0.0
6617,43558630.755232014,35690187.44783722,21018957.44783722,19875534.507397085,0,0.0,0.0
6618,43630069.69972701,36351893.90271758,21680663.902717583,20686159.94736871,0,0.0,0.0
6619,41164582.347588725,33959941.91396966,19288711.91396966,19288711.91396966,0,0.0,0.0
6620,37691637.12465877,30351822.52716045,15680592.52716045,15680592.52716045,0,0.0,0.0
6621,32891165.059144676,25583218.696076743,10911988.696076743,11686250.890225159,0,0.0,0.0
6622,28802269.881710652,21598151.308453366,6926921.308453366,8389999.897599861,0,0.0,0.0
6623,26421721.747042764,19540555.06529097,4869325.065290969,6688057.872727098,0,0.0,0.0
6624,26274906.278434947,19337355.357735276,4666125.357735276,6728734.634399583,0,0.0,0.0
6625,26084777.434030935,19453275.08468707,4782045.084687069,6818415.769796994,0,0.0,0.0
6626,26294031.665150132,20008521.572285987,5337291.572285987,7247981.442031558,0,0.0,0.0
6627,26611850.59144677,20592107.0143419,5920877.014341898,7699471.506934296,0,0.0,0.0
6628,28076630.20928116,21726303.179256182,7055073.179256182,8576940.791133014,0,0.0,0.0
6629,32357341.765241127,25670809.71703572,10999579.717035718,11408061.690315602,0,0.0,0.0
6630,38085395.08644222,31522568.63812752,16851338.63812752,16050374.767510243,0,0.0,0.0
6631,39599675.70518654,32862796.609516546,18191566.609516546,17041297.46439001,0,0.0,0.0
6632,39510798.90809829,32406956.029127125,17735726.029127125,16704263.17850015,0,0.0,0.0
6633,40176249.863512285,32254741.748602502,17583511.748602502,16591720.694250438,0,0.0,0.0
6634,40607133.57597816,32565714.55274344,17894484.55274344,16821644.27166708,0,0.0,0.0
6635,40217313.193812564,32020158.24630728,17348928.24630728,16418276.98041945,0,0.0,0.0
6636,39280731.75614194,30634827.450633198,15963597.450633198,15394006.664155852,0,0.0,0.0
6637,38885848.77161055,29767579.627141617,15096349.627141617,14752790.713986782,0,0.0,0.0
6638,38782909.19017288,29377576.168470733,14706346.168470733,14464434.339318626,0,0.0,0.0
6639,41098768.51683348,31660322.174133062,16989092.174133062,16152225.428977825,0,0.0,0.0
6640,43006807.09736124,33212466.43131195,18541236.43131195,17299832.40786823,0,0.0,0.0
6641,44038452.957233846,34132387.45738706,19461157.45738706,17979993.27865649,0,0.0,0.0
6642,44240957.051865324,34781413.71011423,20110183.710114233,18459863.01606512,0,0.0,0.0
6643,41748469.15377616,32800208.625999942,18128978.625999942,16995021.864460345,0,0.0,0.0
6644,38121395.81437671,29592528.420659255,14921298.420659255,14623363.32004888,0,0.0,0.0
6645,33690493.72156505,25310695.265815724,10639465.265815724,11350000.739469752,0,0.0,0.0
6646,29716913.375796173,22002800.627175137,7331570.627175137,8790852.656834435,0,0.0,0.0
6647,28358448.407643307,21222263.885001294,6551033.885001294,8186991.492749268,0,0.0,0.0
6648,27667684.440400362,22292220.809422776,7620990.809422776,9631542.770943902,0,0.0,0.0
6649,27204175.068243854,22957832.124067176,8286602.124067176,10174220.955231672,0,0.0,0.0
6650,26481347.952684253,22407325.14221672,7736095.14221672,9725388.246448845,0,0.0,0.0
6651,26471222.747952677,22289542.451729987,7618312.451729987,9629359.084672926,0,0.0,0.0
6652,28415824.567788888,24130832.67460191,9459602.674601909,11130577.608022084,0,0.0,0.0
6653,32602596.724294808,28307876.557906866,13636646.557906866,14036073.483564664,0,0.0,0.0
6654,39387046.40582348,36710938.500757694,22039708.500757694,21288187.94953089,0,0.0,0.0
6655,41023954.50409463,36090517.67029531,21419287.670295313,20799737.196416553,0,0.0,0.0
6656,40916514.83166514,36602519.346612126,21931289.346612126,21202830.69701091,0,0.0,0.0
6657,41360898.81710646,37551048.876733564,22879818.876733564,21949597.956571992,0,0.0,0.0
6658,41116206.36942674,37591600.97311009,22920370.973110087,21981524.192834426,0,0.0,0.0
6659,41700093.17561419,38190000.8812101,23518770.881210104,22452638.106848508,0,0.0,0.0
6660,41671405.095541395,38015256.6021807,23344026.602180697,22315063.785511296,0,0.0,0.0
6661,41736656.41492266,38253557.31329539,23582327.313295387,22502675.413130086,0,0.0,0.0
6662,41661842.4021838,38181783.8676224,23510553.867622398,22446168.939022087,0,0.0,0.0
6663,42605173.976342134,38485085.918370165,23813855.918370165,22684955.433341533,0,0.0,0.0
6664,43277937.57961783,38749866.94867359,24078636.94867359,22893414.735982474,0,0.0,0.0
6665,43373002.00181983,39014410.465798885,24343180.465798885,23101687.047012165,0,0.0,0.0
6666,42446545.7688808,38431224.40370629,23759994.40370629,22642550.832932115,0,0.0,0.0
6667,40301127.38853504,36714809.94788236,22043579.94788236,21291235.89887565,0,0.0,0.0
6668,37297879.16287535,33843349.26200265,19172119.262002647,19030565.293230683,0,0.0,0.0
6669,33574053.867151946,30247341.532300126,15576111.532300126,16117415.794282563,0,0.0,0.0
6670,29787789.8089172,26501685.68221423,11830455.68221423,13063552.870126246,0,0.0,0.0
6671,28446762.693357594,25176691.093007576,10505461.093007576,11983274.272028895,0,0.0,0.0
6672,27365615.832575068,24202410.38380581,9531180.383805811,10273801.240243841,0,0.0,0.0
6673,26552224.385805275,23193627.962542333,8522397.962542333,9594226.780087156,0,0.0,0.0
6674,25646581.073703364,21984881.748816837,7313651.748816837,8779945.089264162,0,0.0,0.0
6675,25648268.60782529,21796213.687135324,7124983.687135324,8652847.319255996,0,0.0,0.0
6676,25959899.909008194,21613741.40541664,6942511.405416641,8529923.386672776,0,0.0,0.0
6677,27570932.484076433,21987828.446145926,7316598.446145926,8781930.155820088,0,0.0,0.0
6678,30214735.94176524,24562012.244824674,9890782.244824674,10516049.950592259,0,0.0,0.0
6679,33721994.35850774,28002683.3477451,13331453.347745098,12810963.854447654,0,0.0,0.0
6680,36474362.51137398,30628917.73493484,15957687.73493484,14540601.652523866,0,0.0,0.0
6681,37344567.60691538,31235416.313232727,16564186.313232727,14940041.57708675,0,0.0,0.0
6682,37567884.62238398,31109414.83845507,16438184.83845507,14857057.013922155,0,0.0,0.0
6683,37474507.73430391,30989424.90426642,16318194.90426642,14778031.651001884,0,0.0,0.0
6684,36977247.67970882,29670167.981156573,14998937.981156573,13909169.126501076,0,0.0,0.0
6685,36429361.60145587,28316165.52017752,13644935.52017752,13017423.19299983,0,0.0,0.0
6686,36386610.73703366,27497545.382509276,12826315.382509276,12478280.0231122,0,0.0,0.0
6687,37311941.94722474,27709668.513129566,13038438.513129566,12617984.303262046,0,0.0,0.0
6688,38848160.50955413,29342671.83954659,14671441.839546591,13693480.188752105,0,0.0,0.0
6689,39421922.11101,30349635.79873366,15678405.79873366,14357822.507131532,0,0.0,0.0
6690,39033789.262966335,30116501.108916566,15445271.108916566,15173765.519898295,0,0.0,0.0
6691,37039686.44222019,28464646.32191506,13793416.32191506,13793416.32191506,0,0.0,0.0
6692,34172565.969062775,25963551.71960667,11292321.719606671,11460208.385441212,0,0.0,0.0
6693,31608076.615104638,23802563.199770026,9131333.199770026,10004440.94162171,0,0.0,0.0
6694,28379261.328480437,20806078.003847852,6134848.003847852,7985834.385377556,0,0.0,0.0
6695,26430159.417652413,19135736.855157986,4464506.855157986,6860595.522693273,0,0.0,0.0
6696,26058339.399454046,19233066.283437077,4561836.283437077,5873350.084158272,0,0.0,0.0
6697,26045401.63785259,19404119.033742294,4732889.033742294,5997845.461516784,0,0.0,0.0
6698,25571767.060964506,19175456.745037954,4504226.745037954,5831420.789191359,0,0.0,0.0
6699,25248323.02092812,21415752.54521427,6744522.545214269,7461949.795828153,0,0.0,0.0
6700,25368137.943585075,19094956.21827562,4423726.2182756215,5772831.006571939,0,0.0,0.0
6701,26879606.00545951,20507173.262453754,5835943.2624537535,6800668.8724546945,0,0.0,0.0
6702,28428762.32939035,21995870.705163877,7324640.705163877,7884170.596759956,0,0.0,0.0
6703,29976793.63057324,23640567.39428596,8969337.394285958,9081211.477933776,0,0.0,0.0
6704,32261714.831665143,25694770.408291657,11023540.408291657,10536835.899317553,0,0.0,0.0
6705,33878935.031847134,27073210.667447366,12401980.667447366,11506998.46105224,0,0.0,0.0
6706,34599512.10191083,27652997.17356909,12981767.17356909,11915059.063100228,0,0.0,0.0
6707,34831829.299363054,27844695.576063357,13173465.576063357,12049978.666622395,0,0.0,0.0
6708,34532573.24840764,27602863.538071036,12931633.538071036,11879774.41734151,0,0.0,0.0
6709,34522448.04367606,27103308.010077573,12432078.010077573,11528181.32685552,0,0.0,0.0
6710,35031520.83712465,27243125.26089947,12571895.26089947,11626586.36206187,0,0.0,0.0
6711,36270733.39399453,28516997.24092271,13845767.240922712,12523152.531870604,0,0.0,0.0
6712,37387880.982711546,29650763.409972064,14979533.409972064,13321110.574424267,0,0.0,0.0
6713,38070207.279344864,29946606.10270788,15275376.102707881,13529328.161475046,0,0.0,0.0
6714,37751825.841674246,29349034.146489114,14677804.146489114,13108783.229334258,0,0.0,0.0
6715,35743660.236578695,26966369.8840542,12295139.884054199,12169797.3715547,0,0.0,0.0
6716,32779787.807097357,23620771.79556729,8949541.795567289,9066803.872513106,0,0.0,0.0
6717,28994648.771610554,19422549.514907837,4751319.514907837,6011259.508958347,0,0.0,0.0
6718,25298386.533212006,15829141.049248077,1157911.049248077,3395909.9040127248,0,0.0,0.0
6719,23305408.735213835,14043021.240946734,0.0,2553160.6774348547,0,0.0,0.0
6720,23494412.55686988,14642699.130780991,0.0,2100352.5615073913,0,0.0,0.0
6721,23589476.979071885,15347870.674397714,676640.6743977144,2645114.866082697,0,0.0,0.0
6722,23677228.753412195,15726801.60090849,1055571.60090849,2950191.537662646,0,0.0,0.0
6723,23950046.769790716,16274721.168950677,1603491.168950677,3246370.3758082762,0,0.0,0.0
6724,25894086.07825296,18001469.571518946,3330239.5715189464,3330239.5715189464,0,0.0,0.0
6725,31055127.934485894,22872323.468146756,8201093.468146756,8201093.468146756,0,0.0,0.0
6726,37409818.92629664,28891579.0416415,14220349.0416415,13442767.135924285,0,0.0,0.0
6727,39084977.79799817,29665326.114233404,14994096.114233404,14041839.630133256,0,0.0,0.0
6728,39125478.61692447,29345760.620534312,14674530.620534312,13794416.532644643,0,0.0,0.0
6729,38950537.579617836,29001200.01028859,14329970.010288589,13527641.004183363,0,0.0,0.0
6730,39382546.31483166,29457624.68394552,14786394.683945522,13881027.113613456,0,0.0,0.0
6731,39871368.698817104,29582145.784450244,14910915.784450244,13977437.3863026,0,0.0,0.0
6732,39687427.47952684,29190443.79780729,14519213.797807291,13674162.718860248,0,0.0,0.0
6733,39030976.706096455,28067661.897487447,13396431.897487447,12804850.54010895,0,0.0,0.0
6734,38922974.522293,28069389.84947214,13398159.849472139,12806188.404305162,0,0.0,0.0
6735,41061080.25477707,30876715.229030427,16205485.229030427,14979755.809936134,0,0.0,0.0
6736,42174852.77525022,31682707.719568253,17011477.719568253,15603794.269949632,0,0.0,0.0
6737,42880242.038216546,31969480.65435436,17298250.65435436,15825827.778572094,0,0.0,0.0
6738,42062913.01182893,31521906.411197383,16850676.411197383,15479294.101496506,0,0.0,0.0
6739,39240230.93721564,29050192.212168276,14378962.212168276,13565573.141979422,0,0.0,0.0
6740,36097479.89080981,26352358.655642055,11681128.655642055,11476779.613811506,0,0.0,0.0
6741,32969354.140127383,23373575.38640206,8702345.38640206,9106596.654247494,0,0.0,0.0
6742,26342970.15468608,17379572.76272169,2708342.7627216913,4280834.907345369,0,0.0,0.0
6743,24421431.301182892,15921159.894920096,1249929.8949200958,3106669.083523057,0,0.0,0.0
6744,23856107.370336667,15274759.005557278,603529.0055572782,2961266.725622108,0,0.0,0.0
6745,23961859.508644212,15785502.810194021,1114272.810194021,3361994.357772414,0,0.0,0.0
6746,24218927.206551407,16300017.64752967,1628787.647529669,3765680.7277291804,0,0.0,0.0
6747,24122737.76160145,16599137.826197248,1927907.826197248,4000369.2738018767,0,0.0,0.0
6748,25704519.745222926,18535123.01830659,3863893.0183065906,4990284.121787103,0,0.0,0.0
6749,31135567.060964506,23992521.751527175,9321291.751527175,9321291.751527175,0,0.0,0.0
6750,37322629.663330294,29685870.408916157,15014640.408916157,14134849.463406611,0,0.0,0.0
6751,37336692.4476797,27867087.696037225,13195857.696037225,12777730.019468678,0,0.0,0.0
6752,36487862.78434941,26287183.699223876,11615953.699223876,11600423.542477684,0,0.0,0.0
6753,37759138.48953594,26993753.922988907,12322523.922988907,12126075.351729125,0,0.0,0.0
6754,38978100.63694268,28219398.52798316,13548168.527983159,13040613.472757582,0,0.0,0.0
6755,39898931.75614194,29399857.291313235,14728627.291313235,13921435.3153769,0,0.0,0.0
6756,39904556.8698817,29478175.841830507,14806945.841830507,13979874.197039556,0,0.0,0.0
6757,39943370.15468607,29519611.877945244,14848381.877945244,14010792.486449737,0,0.0,0.0
6758,40018184.16742493,29932547.680916287,15261317.680916287,14318912.419271769,0,0.0,0.0
6759,41702905.73248407,31574542.11015512,16903312.11015512,15544117.910273226,0,0.0,0.0
6760,43063058.23475887,32950707.97287648,18279477.97287648,16570970.341384443,0,0.0,0.0
6761,43159810.191082805,33414372.060297146,18743142.060297146,16916942.152111802,0,0.0,0.0
6762,42844241.31028207,33317816.050674066,18646586.050674066,16844895.042162575,0,0.0,0.0
6763,40038434.57688808,30797546.269123916,16126316.269123916,14964347.629713856,0,0.0,0.0
6764,36619490.44585987,28123820.105787992,13452590.105787992,12969295.808331,0,0.0,0.0
6765,32306153.230209284,25092269.063647088,10421039.063647088,10664047.500394767,0,0.0,0.0
6766,28137381.43767061,21417551.321202613,6746321.321202613,7780878.039733708,0,0.0,0.0
6767,26150028.75341219,19650955.05830896,4979725.058308959,6394813.380763542,0,0.0,0.0
6768,26152278.798908096,20003553.764536574,5332323.7645365745,6864022.749019302,0,0.0,0.0
6769,25987462.966333028,19908029.32228955,5236799.322289549,6787443.732024103,0,0.0,0.0
6770,25944712.10191083,20260017.697675303,5588787.697675303,7069622.022173899,0,0.0,0.0
6771,26022901.18289354,20660390.421535075,5989160.421535075,7390588.561246548,0,0.0,0.0
6772,27832500.272975434,22392495.80106151,7721265.801061511,8779164.345371213,0,0.0,0.0
6773,32454093.721565057,27304332.428348478,12633102.428348478,12716833.194417791,0,0.0,0.0
6774,37904828.93539581,32168073.222075284,17496843.222075284,16518658.345152816,0,0.0,0.0
6775,38345275.34121928,32274600.921983805,17603370.921983805,16601723.702999199,0,0.0,0.0
6776,38485340.6733394,31910434.199737858,17239204.199737858,16317763.389155187,0,0.0,0.0
6777,38540466.78798908,31522728.730361585,16851498.730361585,16015448.652421033,0,0.0,0.0
6778,39419109.55414012,32637733.159090888,17966503.159090888,16884877.373328682,0,0.0,0.0
6779,39806679.89080982,32666905.424061306,17995675.424061306,16907624.55205344,0,0.0,0.0
6780,39712177.979981795,32191804.138315976,17520574.138315976,16537162.612599198,0,0.0,0.0
6781,39591238.03457689,31193789.71616627,16522559.716166269,15758957.270862691,0,0.0,0.0
6782,40202125.386715196,31738280.8630821,17067050.8630821,16183526.204591561,0,0.0,0.0
6783,42019599.63603276,33250550.838575743,18579320.838575743,17409847.008533385,0,0.0,0.0
6784,42732301.546860784,33406308.753183406,18735078.753183406,18641081.07251214,0,0.0,0.0
6785,42772239.85441311,33102879.27439753,18431649.27439753,18431649.27439753,0,0.0,0.0
6786,42249666.78798908,32225987.47515422,17554757.47515422,17554757.47515422,0,0.0,0.0
6787,39208730.30027297,28333400.070240904,13662170.070240904,13662170.070240904,0,0.0,0.0
6788,35668846.223839864,24808734.517104886,10137504.517104886,10716188.852898354,0,0.0,0.0
6789,31448323.38489536,20727247.641378507,6056017.641378507,7444185.944850235,0,0.0,0.0
6790,27552932.120109193,16683752.436355054,2012522.4363550544,4202639.794549126,0,0.0,0.0
6791,25663456.41492265,15063402.951549737,392172.9515497368,2903655.285284054,0,0.0,0.0
6792,25427201.637852587,15142473.346751587,471243.34675158747,2626021.1977014546,0,0.0,0.0
6793,25802959.23566879,15674705.779215835,1003475.779215835,3038748.512728379,0,0.0,0.0
6794,25274198.544131026,15513755.638005933,842525.6380059328,2913937.4046807135,0,0.0,0.0
6795,25271385.98726114,15319144.289146408,647914.2891464084,1492687.1068155903,0,0.0,0.0
6796,26763166.15104641,16546137.860926785,1874907.8609267846,1874907.8609267846,0,0.0,0.0
6797,31101253.86715196,21368338.626090817,6697108.626090817,6697108.626090817,0,0.0,0.0
6798,37210689.899909005,26892853.73309201,12221623.73309201,11660786.837477509,0,0.0,0.0
6799,38237835.6687898,27249656.45237335,12578426.452373348,11924713.802581672,0,0.0,0.0
6800,38055581.98362146,26201110.182771996,11529880.182771996,11149104.145613315,0,0.0,0.0
6801,37892453.685168326,25861410.276871905,11190180.276871905,10897828.131262962,0,0.0,0.0
6802,39001726.11464968,26980105.077552684,12308875.077552684,11725326.655422695,0,0.0,0.0
6803,39671114.64968152,27254391.802709833,12583161.802709833,11928216.541141316,0,0.0,0.0
6804,38952225.113739766,26504074.302963205,11832844.302963205,11373206.699928407,0,0.0,0.0
6805,39399984.16742494,26706927.686810587,12035697.686810587,11523257.344351146,0,0.0,0.0
6806,38943224.93175614,25770333.20048192,11099103.200481921,10830458.419477746,0,0.0,0.0
6807,40714573.24840764,28405143.12771999,13733913.12771999,12779427.275777135,0,0.0,0.0
6808,41428962.6933576,30697799.568200693,16026569.568200693,14475305.204009708,0,0.0,0.0
6809,42570860.78252958,32351069.221890666,17679839.221890666,15698228.737429159,0,0.0,0.0
6810,42016787.07916287,32996376.30359276,18325146.30359276,16175562.374282882,0,0.0,0.0
6811,38994975.97816197,31143135.651609696,16471905.651609696,14804720.29698392,0,0.0,0.0
6812,36272420.92811647,28869287.390697565,14198057.390697565,13122754.778843582,0,0.0,0.0
6813,31874144.49499544,24842934.214961186,10171704.214961186,10144544.922210759,0,0.0,0.0
6814,28085630.39126479,21077036.124702018,6405806.124702018,7228063.485619978,0,0.0,0.0
6815,25493577.979981795,18233487.91826678,3562257.9182667807,5022993.022405618,0,0.0,0.0
6816,25765833.484986346,17871785.787433907,3200555.7874339074,4043454.0457868488,0,0.0,0.0
6817,25522266.060054597,16320779.930705193,1649549.9307051934,2936396.1710806172,0,0.0,0.0
6818,24567684.258416742,14428609.63747819,0.0,1759000.7198732963,0,0.0,0.0
6819,23935421.474067338,13064420.134892456,0.0,1759000.7198732963,0,0.0,0.0
6820,25152696.087352138,14544551.026248923,0.0,1759000.7198732963,0,0.0,0.0
6821,28798894.813466795,17531572.13260834,2860342.132608339,3800620.5297022522,0,0.0,0.0
6822,34737889.899909,22661333.08286138,7990103.082861379,7433406.097886351,0,0.0,0.0
6823,36209982.1656051,23732287.66719865,9061057.66719865,8181140.022699295,0,0.0,0.0
6824,36987935.39581437,23855755.55272925,9184525.552729249,8267344.543401055,0,0.0,0.0
6825,37695574.70427662,23833373.02277627,9162143.022776268,8251717.198214102,0,0.0,0.0
6826,38147271.337579615,23962184.530112922,9290954.530112922,8341652.602899363,0,0.0,0.0
6827,38543841.85623293,24161128.016835213,9489898.016835213,8480553.72561586,0,0.0,0.0
6828,37645511.191992715,23199632.617674157,8528402.617674157,7809243.532803924,0,0.0,0.0
6829,37230377.797998175,22544523.388002984,7873293.388002984,7351850.285090871,0,0.0,0.0
6830,37419944.131028205,23040857.86826612,8369627.868266121,7698387.976207626,0,0.0,0.0
6831,38618655.86897179,24216408.006753348,9545178.006753348,8519149.875657732,0,0.0,0.0
6832,39596300.63694268,25640021.052035093,10968791.052035093,9513107.775769947,0,0.0,0.0
6833,40414754.68607825,26626180.938236743,11954950.938236743,10940153.114243204,0,0.0,0.0
6834,39393796.542311184,25482785.763415143,10811555.763415143,10811555.763415143,0,0.0,0.0
6835,36638615.83257507,22420317.14963878,7749087.149638779,7749087.149638779,0,0.0,0.0
6836,33585304.094631486,19182740.617778633,4511510.617778633,4979171.252798755,0,0.0,0.0
6837,29931230.209281165,15778723.263788898,1107493.2637888975,2549493.6335799736,0,0.0,0.0
6838,27240738.30755232,13885866.911816096,0.0,1759000.7198732963,0,0.0,0.0
6839,25831084.80436761,13511743.087645303,0.0,1759000.7198732963,0,0.0,0.0
6840,25387263.330300268,13833845.826602899,0.0,1425819.514976058,0,0.0,0.0
6841,24821376.88808007,13877727.760197949,0.0,1425819.514976058,0,0.0,0.0
6842,23944421.65605095,13175353.494099602,0.0,1425819.514976058,0,0.0,0.0
6843,23652478.252957236,13063313.109055886,0.0,1425819.514976058,0,0.0,0.0
6844,24246490.26387625,13925147.604655925,0.0,1425819.514976058,0,0.0,0.0
6845,25504828.20746133,15541841.309256904,870611.3092569038,2061443.2072744796,0,0.0,0.0
6846,28482763.421292078,18836229.67773038,4164999.6777303815,4192095.260274686,0,0.0,0.0
6847,31760517.197452232,22332750.057914518,7661520.057914518,6957197.708571963,0,0.0,0.0
6848,33763057.688808,24845880.205490556,10174650.205490556,8726355.582818506,0,0.0,0.0
6849,34475197.08826205,25848641.033331383,11177411.033331383,9432264.990762092,0,0.0,0.0
6850,34566323.930846214,25951700.643632766,11280470.643632766,9504815.439952848,0,0.0,0.0
6851,34623137.57961784,24965375.581702244,10294145.581702244,8810476.250411015,0,0.0,0.0
6852,34803703.73066423,24120070.611475665,9448840.611475665,8215410.393730853,0,0.0,0.0
6853,34482509.73612374,24219971.083681315,9548741.083681315,8285736.917494069,0,0.0,0.0
6854,33880622.56596906,23355476.700925663,8684246.700925663,7677162.369148764,0,0.0,0.0
6855,34097751.95632393,22653682.107579082,7982452.107579082,7183122.921124036,0,0.0,0.0
6856,35595157.23384895,22553136.945613213,7881906.945613213,7112342.557766859,0,0.0,0.0
6857,37015498.45313921,23291854.91267749,8620624.91267749,7632374.801039137,0,0.0,0.0
6858,35019145.58689718,21834885.824493706,7163655.824493706,6606718.275697506,0,0.0,0.0
6859,32545220.564149223,19440194.232110087,4768964.232110087,4907587.580038536,0,0.0,0.0
6860,30309237.852593258,17344691.179178037,2673461.1791780367,3377683.9668358197,0,0.0,0.0
6861,27669934.485896267,14719698.833901068,48468.833901068196,1461206.07478527,0,0.0,0.0
6862,25125133.030027296,12959963.638866177,0.0,1425819.514976058,0,0.0,0.0
6863,24545183.803457685,14501293.193032283,0.0,1425819.514976058,0,0.0,0.0
6864,24576121.929026384,14751916.937945666,80686.93794566579,2083284.0887393714,0,0.0,0.0
6865,23783543.40309372,14828221.535219643,156991.53521964327,2147241.164529777,0,0.0,0.0
6866,22933588.717015464,14385312.884916173,0.0,2015653.8175650472,0,0.0,0.0
6867,22947651.50136488,18053865.131991155,3382635.1319911554,4850914.853426994,0,0.0,0.0
6868,23419036.032757048,16688538.600771174,2017308.6007711738,3207993.375243855,0,0.0,0.0
6869,24900690.991810735,19122179.784062654,4450949.784062654,4450949.784062654,0,0.0,0.0
6870,27237363.23930846,22445139.82633466,7773909.826334659,7773909.826334659,0,0.0,0.0
6871,30280549.77252047,26234406.60701569,11563176.607015692,11563176.607015692,0,0.0,0.0
6872,33027855.323020928,29678817.431798898,15007587.431798898,14531292.86653504,0,0.0,0.0
6873,34899893.17561419,31629511.084838536,16958281.084838536,16117889.848620428,0,0.0,0.0
6874,35995102.82074613,32376192.733085874,17704962.733085874,16725203.481820464,0,0.0,0.0
6875,37797389.26296633,33880696.86639822,19209466.866398223,17948892.149556085,0,0.0,0.0
6876,37378880.80072794,32702283.525441647,18031053.525441647,16990429.47783031,0,0.0,0.0
6877,36968247.4977252,32056324.694628537,17385094.694628537,16465038.76364898,0,0.0,0.0
6878,37524008.73521383,32770545.32913896,18099315.32913896,17045950.226344097,0,0.0,0.0
6879,39333045.31392176,34597327.081683256,19926097.081683256,18531763.445144035,0,0.0,0.0
6880,40989078.798908085,35886211.2430099,21214981.243009903,19580077.57557247,0,0.0,0.0
6881,41897534.66787989,36000381.709921286,21329151.709921286,19672938.142357316,0,0.0,0.0
6882,40732011.10100091,34443389.3374648,19772159.337464802,18406558.15725815,0,0.0,0.0
6883,38184959.59963603,31807162.983351592,17135932.983351592,16262383.047541413,0,0.0,0.0
6884,34723264.604185626,28621897.710346937,13950667.710346937,13671647.048879761,0,0.0,0.0
6885,31221068.789808914,25079639.025357284,10408409.025357284,10739786.159186594,0,0.0,0.0
6886,28123881.16469518,21907684.844627574,7236454.844627574,8081113.927260559,0,0.0,0.0
6887,27135548.680618744,21017720.216623247,6346490.216623247,7335162.343771048,0,0.0,0.0
6888,26619163.23930846,20281492.062923685,5610262.062923685,7575181.502660997,0,0.0,0.0
6889,26383470.973612368,20267127.72262766,5595897.722627658,7563012.495545162,0,0.0,0.0
6890,26038651.50136487,20755579.777495243,6084349.777495243,7976813.366934447,0,0.0,0.0
6891,25974525.20473157,20632478.105146207,5961248.105146207,7872525.589291017,0,0.0,0.0
6892,27414554.32211101,21656195.490158077,6984965.490158077,8739786.033285076,0,0.0,0.0
6893,31892144.85896269,26527334.588687096,11856104.588687096,12866458.412985023,0,0.0,0.0
6894,39580550.31847134,34139318.90456841,19468088.90456841,19291947.132440735,0,0.0,0.0
6895,42027474.79526842,36986973.36392016,22315743.36392016,21638611.145222627,0,0.0,0.0
6896,43028745.04094632,37914482.69640158,23243252.69640158,22402942.914797295,0,0.0,0.0
6897,43142934.849863514,37856901.50247416,23185671.50247416,22355492.03284119,0,0.0,0.0
6898,43268937.397634216,37968758.37050406,23297528.37050406,22447669.820046466,0,0.0,0.0
6899,43891637.48862602,38570441.99018567,23899211.99018567,22943498.691681597,0,0.0,0.0
6900,43843824.02183805,38667978.20233454,23996748.202334538,23023875.269057825,0,0.0,0.0
6901,43536130.30027297,38337300.29578891,23666070.295788907,22751373.8282442,0,0.0,0.0
6902,43225624.021838024,38090225.84956626,23418995.84956626,22547767.41471863,0,0.0,0.0
6903,44972784.349408545,39781061.141731195,25109831.141731195,23941132.511609033,0,0.0,0.0
6904,46129870.24567788,41221230.06957334,26550000.069573343,25127931.20630151,0,0.0,0.0
6905,47068139.21747044,42228682.57691293,27557452.576912932,25958141.675060023,0,0.0,0.0
6906,46001055.1410373,41050880.98290717,26379650.98290717,24998895.496531464,0,0.0,0.0
6907,42571985.805277534,37778772.29125677,23107542.29125677,23100851.10229864,0,0.0,0.0
6908,38355963.057324834,34207194.34862281,19535964.348622806,19535964.348622806,0,0.0,0.0
6909,33883435.122838944,29338396.373156603,14667166.373156603,15247899.547996633,0,0.0,0.0
6910,29657849.681528654,25154695.96882522,10483465.968825221,11703603.12075903,0,0.0,0.0
6911,27883126.296633303,23501049.48066881,8829819.48066881,10302687.000231165,0,0.0,0.0
6912,27943877.52502275,23812157.443698373,9140927.443698373,10530740.625208784,0,0.0,0.0
6913,27825187.625113733,23491185.331857596,8819955.331857596,10279236.070627064,0,0.0,0.0
6914,27090547.770700634,22594175.119601194,7922945.119601194,9576364.557600668,0,0.0,0.0
6915,27095047.86169245,22420915.776662894,7749685.776662894,9440603.498414198,0,0.0,0.0
6916,28625078.798908092,23670197.91614911,8998967.91614911,10419505.204971958,0,0.0,0.0
6917,33742807.27934486,27955275.863859836,13284045.863859836,13777169.565299865,0,0.0,0.0
6918,38856035.66878981,32709424.00170709,18038194.00170709,17449906.112816066,0,0.0,0.0
6919,40170062.23839853,34160420.0897062,19489190.089706197,18556094.146225076,0,0.0,0.0
6920,40796137.39763421,34194320.57046475,19523090.570464753,18581938.67223866,0,0.0,0.0
6921,42327855.86897179,34997177.38975468,20325947.389754683,19194008.279720522,0,0.0,0.0
6922,42536547.58871701,35107327.489820085,20436097.489820085,19277982.815268163,0,0.0,0.0
6923,42902742.49317561,35470203.44291394,20798973.442913942,19554626.59139151,0,0.0,0.0
6924,42031974.886260234,34325083.50058854,19653853.500588544,18681627.699461263,0,0.0,0.0
6925,41229271.15559599,33348314.455626264,18677084.455626264,17936973.56987532,0,0.0,0.0
6926,40599258.41674248,32237806.624693166,17566576.624693166,17090361.725952882,0,0.0,0.0
6927,42931993.084622376,34010001.88550156,19338771.885501564,18441420.63409486,0,0.0,0.0
6928,43890512.46587806,34782995.896078676,20111765.896078676,19030723.89374482,0,0.0,0.0
6929,45189913.739763424,36211164.883742094,21539934.883742094,20323171.323004,0,0.0,0.0
6930,44310145.95086442,35527986.411541566,20856756.411541566,20856571.261715822,0,0.0,0.0
6931,41311397.816196546,32881258.223677576,18210028.223677576,18210028.223677576,0,0.0,0.0
6932,37445257.14285714,28831823.58457285,14160593.584572852,14464007.255974112,0,0.0,0.0
6933,33361424.56778889,25031760.535904523,10360530.535904523,11486386.68029024,0,0.0,0.0
6934,28851770.882620566,20589107.38909496,5917877.38909496,8005250.906713389,0,0.0,0.0
6935,27764998.908098273,20295345.070787344,5624115.070787344,7775067.167088364,0,0.0,0.0
6936,27617058.416742496,20859811.418200232,6188581.418200232,8211350.268282886,0,0.0,0.0
6937,27374616.014558695,21664102.3227448,6992872.322744802,8895112.334025815,0,0.0,0.0
6938,26962857.688808,21270005.561912436,6598775.561912436,8560073.837672403,0,0.0,0.0
6939,27079297.54322111,21309610.28165726,6638380.28165726,8593743.502258787,0,0.0,0.0
6940,28450700.272975434,22508450.343808353,7837220.343808353,8102642.056376721,0,0.0,0.0
6941,34406570.70063694,29000232.062449142,14329002.062449142,14329002.062449142,0,0.0,0.0
6942,41168519.92720656,36047691.33677702,21376461.336777017,21083503.928196512,0,0.0,0.0
6943,42152352.32029117,37454896.69603495,22783666.696034953,22246816.90649486,0,0.0,0.0
6944,42323355.77797999,38005277.52716639,23334047.52716639,22701807.473187607,0,0.0,0.0
6945,42962931.21019107,40387793.64504166,25716563.64504166,24671393.434962828,0,0.0,0.0
6946,44207768.880800724,43224454.646213956,28553224.646213956,27016413.325618073,0,0.0,0.0
6947,44532900.45495905,42085450.59157031,27414220.59157031,26074817.85031365,0,0.0,0.0
6948,43196373.43039126,39231446.25082002,24560216.25082002,23715460.512827788,0,0.0,0.0
6949,42382981.98362147,38363114.2009164,23691884.200916402,22997625.026713703,0,0.0,0.0
6950,42710926.114649676,38919995.17002761,24248765.170027614,23457989.148035735,0,0.0,0.0
6951,44055328.298453145,40200234.466826305,25529004.466826305,24516341.42014393,0,0.0,0.0
6952,45743424.93175614,41838002.360756435,27166772.360756435,25870256.564024534,0,0.0,0.0
6953,46796446.22383986,42848827.83758391,28177597.837583907,26705888.967107564,0,0.0,0.0
6954,46205246.76979072,42157622.63826358,27486392.638263583,26134481.266201247,0,0.0,0.0
6955,43053495.54140127,39060582.95565715,24389352.955657147,23574210.703430686,0,0.0,0.0
6956,39123228.57142856,35012398.35106588,20341168.35106588,20227644.647462886,0,0.0,0.0
6957,34469571.9745223,30492298.94523993,15821068.945239931,16400339.51647183,0,0.0,0.0
6958,30557867.879890807,26706752.845827654,12035522.845827654,13182085.018909272,0,0.0,0.0
6959,28664454.595086437,24775950.379507147,10104720.379507147,11540627.33804638,0,0.0,0.0
6960,28870896.26933576,24757822.864170007,10086592.864170007,11627991.159095349,0,0.0,0.0
6961,28643641.674249317,24808553.358029008,10137323.358029008,11670368.00028764,0,0.0,0.0
6962,28076067.697907183,24035707.93151582,9364477.93151582,11024784.931521056,0,0.0,0.0
6963,28182382.347588718,24142053.949529007,9470823.949529007,11113619.23952726,0,0.0,0.0
6964,29627474.06733394,25748559.21119127,11077329.21119127,12455585.642165853,0,0.0,0.0
6965,34370007.46132849,30449592.599654004,15778362.599654004,16382512.628057972,0,0.0,0.0
6966,41377211.646951765,37300186.85638364,22628956.856383637,22045328.545557458,0,0.0,0.0
6967,42610236.578707926,38569288.898909755,23898058.898909755,23081643.521384113,0,0.0,0.0
6968,42361606.55141037,38285548.596387155,23614318.596387155,22849948.736491587,0,0.0,0.0
6969,34378445.131938115,30905319.57879339,16234089.578793392,16763196.28305468,0,0.0,0.0
6970,26395283.71246587,22869659.987758208,8198429.987758208,10050746.936295679,0,0.0,0.0
6971,42488734.12192903,38976262.99999744,24305032.999997437,23413967.748749837,0,0.0,0.0
6972,43056870.60964513,39606031.40213877,24934801.40213877,23928219.877083357,0,0.0,0.0
6973,43168247.86169245,39615383.0067335,24944153.0067335,23935856.14868705,0,0.0,0.0
6974,43144622.38398544,39512516.0105353,24841286.0105353,23851857.695366222,0,0.0,0.0
6975,44321958.68971792,40713368.88956754,26042138.88956754,24832442.219388075,0,0.0,0.0
6976,45826676.615104645,42333759.22674995,27662529.22674995,26155609.874027137,0,0.0,0.0
6977,46638380.5277525,43358142.135150366,28686912.135150366,26992093.713296007,0,0.0,0.0
6978,45854239.67242947,42755751.77395543,28084521.773955427,26500197.765073158,0,0.0,0.0
6979,43428128.1164695,40613894.15238793,25942664.152387932,24751213.79456382,0,0.0,0.0
6980,39600238.216560505,36995241.32776192,22324011.32776192,21796318.136990912,0,0.0,0.0
6981,34656325.750682436,32097187.001283582,17425957.001283582,17758802.13356171,0,0.0,0.0
6982,29905917.197452232,27248639.09093937,12577409.090939369,13708651.44153531,0,0.0,0.0
6983,27652496.633303,24588837.36765864,9917607.367658641,11486832.045419741,0,0.0,0.0
6984,27767248.95359418,24471782.161366537,9800552.161366537,11585548.578750473,0,0.0,0.0
6985,27689622.383985445,24124347.512102805,9453117.512102805,11308298.979041561,0,0.0,0.0
6986,27048359.417652417,23339708.96644453,8668478.96644453,10682164.760244027,0,0.0,0.0
6987,26981420.564149223,23250773.6820905,8579543.682090499,10611195.235358104,0,0.0,0.0
6988,28972148.316651493,25040977.634130422,10369747.634130422,12039761.240942733,0,0.0,0.0
6989,33685993.63057324,29591117.644337308,14919887.644337308,15670730.400532136,0,0.0,0.0
6990,39460172.8844404,34922640.263508245,20251410.263508245,19882531.59945337,0,0.0,0.0
6991,41681530.30027297,36470374.54107317,21799144.541073173,21076709.085444696,0,0.0,0.0
6992,41067830.39126478,35511398.85957039,20840168.85957039,20336797.083065603,0,0.0,0.0
6993,41354148.68061875,38268872.93488223,23597642.93488223,22464367.3686594,0,0.0,0.0
6994,41868284.07643313,36703785.931654304,22032555.931654304,21256801.12814626,0,0.0,0.0
6995,42031974.886260234,36668254.29660224,21997024.29660224,21229386.164715745,0,0.0,0.0
6996,41391274.4313012,36311364.13519943,21640134.135199428,20954022.233130798,0,0.0,0.0
6997,41211270.79162876,36296588.92677045,21625358.92677045,20942622.20050731,0,0.0,0.0
6998,41179207.64331209,36119356.54394254,21448126.54394254,20805875.909861933,0,0.0,0.0
6999,43353314.10373066,38447888.15735991,23776658.157359913,22602489.23585028,0,0.0,0.0
7000,44338271.51956324,39679720.111523494,25008490.111523494,23552927.568521447,0,0.0,0.0
7001,44984034.576888084,41061947.183980845,26390717.183980845,24619405.499767635,0,0.0,0.0
7002,43430940.67333939,40057906.125019476,25386676.125019476,23844722.632687263,0,0.0,0.0
7003,41283834.7588717,38248970.18188035,23577740.181880347,22535079.185905714,0,0.0,0.0
7004,37641011.10100092,34888818.08599153,20217588.08599153,20217588.08599153,0,0.0,0.0
7005,33644367.788899004,30776531.27989677,16105301.27989677,16616679.391644055,0,0.0,0.0
7006,29628036.578707922,26863105.810923345,12191875.810923345,13493802.479215128,0,0.0,0.0
7007,26895918.835304815,24125190.747181855,9453960.747181855,11308971.872745806,0,0.0,0.0
7008,27235675.70518653,24451600.500788845,9780370.500788845,10811251.19860738,0,0.0,0.0
7009,27238488.262056407,24205748.51203006,9534518.512030061,10646438.989117168,0,0.0,0.0
7010,26267593.63057325,22845985.993242532,8174755.993242532,9734892.711884355,0,0.0,0.0
7011,24827002.001819838,21274297.721731342,6603067.721731342,8681277.412836412,0,0.0,0.0
7012,26452097.36123749,22730259.600925013,8059029.600925013,9657313.016432323,0,0.0,0.0
7013,27990003.4576888,24008774.880830813,9337544.880830813,10514393.446052182,0,0.0,0.0
7014,31029252.41128298,26738923.110924713,12067693.110924713,12344607.487879822,0,0.0,0.0
7015,33904248.04367607,29358949.098469175,14687719.098469175,14062873.885745022,0,0.0,0.0
7016,35454529.390354864,30565453.555488706,15894223.555488706,14845831.35570518,0,0.0,0.0
7017,36121667.87989082,31119064.346736755,16447834.346736755,15205095.42798966,0,0.0,0.0
7018,33978499.54504094,28831491.52948102,14160261.52948102,13720581.869065292,0,0.0,0.0
7019,35259900.45495905,29893355.646791693,15222125.646791693,14409675.421844084,0,0.0,0.0
7020,34972457.14285714,29198797.06750843,14527567.06750843,13958943.702776812,0,0.0,0.0
7021,34607387.26114649,28978197.31952289,14306967.319522891,13815786.154081723,0,0.0,0.0
7022,34688951.41037306,28900679.932787333,14229449.932787333,13765481.477092525,0,0.0,0.0
7023,36049103.91264785,30180001.17053649,15508771.170536488,14595693.179790085,0,0.0,0.0
7024,38007768.51683348,32241365.483099308,17570135.483099308,15933409.404077696,0,0.0,0.0
7025,39448360.1455869,33874391.14983869,19203161.149838693,16993156.541331396,0,0.0,0.0
7026,38237273.15741584,33065137.15782932,18393907.15782932,16477288.600092242,0,0.0,0.0
7027,35712159.599636026,30405079.21843543,15733849.218435429,15600645.808994213,0,0.0,0.0
7028,33442426.20564149,28020619.055856578,13349389.055856578,13349389.055856578,0,0.0,0.0
7029,30960626.02365786,25472811.881566733,10801581.881566733,11495842.382401679,0,0.0,0.0
7030,27705935.21383075,22278635.892387237,7607405.892387237,9354557.274499701,0,0.0,0.0
7031,25469389.990900822,19994456.301770248,5323226.3017702475,7823307.976486484,0,0.0,0.0
7032,25300636.57870791,19861779.302205693,5190549.302205693,6041499.397371547,0,0.0,0.0
7033,25327074.6132848,19751200.321148116,5079970.321148116,5961874.717948889,0,0.0,0.0
7034,24453494.44949954,18850126.91499785,4178896.9149978496,5313038.199337466,0,0.0,0.0
7035,23914608.553230204,18039426.666053534,3368196.6660535336,4729276.739314168,0,0.0,0.0
7036,24288678.616924472,17965510.679997884,3294280.6799978837,4676052.006751055,0,0.0,0.0
7037,25639268.425841678,18957522.53490708,4286292.53490708,5390370.633809957,0,0.0,0.0
7038,26805917.0154686,19787913.786445424,5116683.786445424,5988311.006987137,0,0.0,0.0
7039,29307967.606915377,21576194.448125206,6904964.448125206,7275999.436037223,0,0.0,0.0
7040,31164255.141037308,23163066.41911351,8491836.41911351,8414620.50966431,0,0.0,0.0
7041,32670098.08917198,24573008.63443036,9901778.63443036,9408091.493931873,0,0.0,0.0
7042,33593741.765241124,25480010.882181518,10808780.882181518,10047181.8098451,0,0.0,0.0
7043,34408258.234758876,26363022.137942605,11691792.137942605,10669367.63551255,0,0.0,0.0
7044,34320506.46041856,26054069.24314055,11382839.243140548,10451673.794476422,0,0.0,0.0
7045,34203504.094631486,25733892.9071676,11062662.907167599,10226071.712218922,0,0.0,0.0
7046,35457904.458598725,26965707.426774845,12294477.426774845,11094030.675313218,0,0.0,0.0
7047,37111125.38671519,28838910.706843182,14167680.706843182,12413923.84977535,0,0.0,0.0
7048,38167521.74704275,29456085.84233316,14784855.84233316,12848796.69964098,0,0.0,0.0
7049,38922412.010919005,29980111.79813849,15308881.798138492,13218034.939648341,0,0.0,0.0
7050,37733262.96633302,28362904.916308854,13691674.916308854,12078521.493493019,0,0.0,0.0
7051,35820724.29481346,26003082.37368191,11331852.37368191,11150717.633196224,0,0.0,0.0
7052,32980041.856232934,22608905.74026186,7937675.74026186,8019624.533556651,0,0.0,0.0
7053,29866541.40127389,18759448.00854017,4088218.0085401684,5247742.979685094,0,0.0,0.0
7054,26657976.524112828,14782858.388114814,111628.38811481372,2384317.4833245454,0,0.0,0.0
7055,25305136.66969973,12734781.671469854,0.0,2303937.1566738416,0,0.0,0.0
7056,25369262.96633303,12155509.089126755,0.0,1694204.328779079,0,0.0,0.0
7057,25028381.073703364,12001841.354979884,0.0,1694204.328779079,0,0.0,0.0
7058,24719562.32939035,11777069.272862354,0.0,1694204.328779079,0,0.0,0.0
7059,24619997.81619653,12188172.716020111,0.0,1694204.328779079,0,0.0,0.0
7060,25867085.532302085,13215123.63720132,0.0,1179770.1685603515,0,0.0,0.0
7061,31354946.496815287,19091539.074071202,4420309.074071202,4420309.074071202,0,0.0,0.0
7062,38455527.57051865,26897439.182655234,12226209.182655234,12112611.239427932,0,0.0,0.0
7063,41278209.64513194,30426887.77244743,15755657.77244743,15057519.802994626,0,0.0,0.0
7064,41156144.67697907,30697864.876417764,16026634.876417764,15283618.23557152,0,0.0,0.0
7065,40689260.23657871,31220059.931392297,16548829.931392297,15719328.418089643,0,0.0,0.0
7066,40829888.0800728,31627917.953416105,16956687.953416105,16059637.832214866,0,0.0,0.0
7067,41413774.88626024,32722277.66681412,18051047.66681412,16972751.93761057,0,0.0,0.0
7068,41092018.38034576,32303976.47728698,17632746.47728698,16623728.931934463,0,0.0,0.0
7069,40726948.49863513,32195369.782431956,17524139.782431956,16533109.454811526,0,0.0,0.0
7070,40671259.87261146,32244882.809424244,17573652.809424244,16574422.235969301,0,0.0,0.0
7071,41823283.16651501,33491107.742766056,18819877.742766056,17614249.955501165,0,0.0,0.0
7072,43646945.04094631,35374851.070167795,20703621.070167795,19186011.582082517,0,0.0,0.0
7073,45149412.92083711,36348093.77444126,21676863.774441257,19998067.82863986,0,0.0,0.0
7074,43783635.304822564,34218591.33988915,19547361.339889146,18221249.213464078,0,0.0,0.0
7075,40645384.349408545,30363644.74269571,15692414.742695712,15004750.953934075,0,0.0,0.0
7076,36857432.757051855,25563508.925350614,10892278.925350614,10987448.063874574,0,0.0,0.0
7077,32081711.191992715,20467256.936745927,5796026.936745927,6639348.62663546,0,0.0,0.0
7078,27484305.73248408,16001481.428211521,1330251.4282115214,2829168.9065366783,0,0.0,0.0
7079,25219634.940855317,13176218.58413988,0.0,1694204.328779079,0,0.0,0.0
7080,25323137.033666965,13454449.004306557,0.0,1626557.8687785482,0,0.0,0.0
7081,25144258.41674249,12805181.055778567,0.0,1626557.8687785482,0,0.0,0.0
7082,24412993.630573247,11899314.26847518,0.0,1626557.8687785482,0,0.0,0.0
7083,24509183.075523198,11665636.336408827,0.0,1626557.8687785482,0,0.0,0.0
7084,25982962.875341214,13008092.810132664,0.0,1626557.8687785482,0,0.0,0.0
7085,30440865.51410373,17173371.64697398,2502141.6469739787,3565667.9380824137,0,0.0,0.0
7086,36729180.16378527,23108119.751483217,8436889.751483217,8133435.937520794,0,0.0,0.0
7087,38939287.3521383,25299965.96503187,10628735.96503187,9774923.355174992,0,0.0,0.0
7088,39462422.929936305,25689298.71042188,11018068.710421879,10066497.097387394,0,0.0,0.0
7089,38530341.58325751,24435083.566988353,9763853.566988353,9127207.486532684,0,0.0,0.0
7090,38420651.86533213,24187855.029904507,9516625.029904507,8942056.479860948,0,0.0,0.0
7091,38885848.77161055,24452179.434195407,9780949.434195407,9140010.689029645,0,0.0,0.0
7092,39014663.87625114,24403368.74154871,9732138.74154871,9103456.054251319,0,0.0,0.0
7093,39318420.01819836,24751945.58896675,10080715.58896675,9364507.448087879,0,0.0,0.0
7094,39794304.64058234,25276518.095209032,10605288.095209032,9757363.09796029,0,0.0,0.0
7095,41437962.87534122,27014642.34668915,12343412.34668915,11059055.283975927,0,0.0,0.0
7096,43218311.37397634,28987177.755599283,14315947.755599283,12536299.460409792,0,0.0,0.0
7097,44189206.0054595,29598824.66742967,14927594.66742967,12994365.680389296,0,0.0,0.0
7098,43131684.62238399,28543047.315772973,13871817.315772973,12203687.380116168,0,0.0,0.0
7099,39883181.43767061,25473016.792476907,10801786.792476907,10293030.040501699,0,0.0,0.0
7100,35623282.80254777,20869017.81397602,6197787.81397602,6429720.300459489,0,0.0,0.0
7101,31440448.22565969,17040950.672759518,2369720.672759518,3463044.31371773,0,0.0,0.0
7102,27637308.826205637,13681574.929050792,0.0,1626557.8687785482,0,0.0,0.0
7103,25887898.453139223,11889451.901371222,0.0,1626557.8687785482,0,0.0,0.0
7104,25851897.725204736,12579808.15995982,0.0,1886386.485338983,0,0.0,0.0
7105,26124715.741583258,13137037.985222582,0.0,1886386.485338983,0,0.0,0.0
7106,25376575.61419472,12648937.608479334,0.0,1886386.485338983,0,0.0,0.0
7107,25304011.646951765,12943052.613024898,0.0,1886386.485338983,0,0.0,0.0
7108,26746290.80982712,14537502.469849486,0.0,1650769.693645244,0,0.0,0.0
7109,31099003.82165606,19194634.877080217,4523404.877080217,4523404.877080217,0,0.0,0.0
7110,38163021.65605096,27012393.525626864,12341163.525626864,12341163.525626864,0,0.0,0.0
7111,40562695.17743403,29678989.83242725,15007759.832427248,14600824.575201139,0,0.0,0.0
7112,40615571.24658781,30369727.422386985,15698497.422386985,15173464.52676947,0,0.0,0.0
7113,39691927.57051866,29958986.230459884,15287756.230459884,14832949.084044013,0,0.0,0.0
7114,40063185.07734304,30438415.357262187,15767185.357262187,15230408.663402535,0,0.0,0.0
7115,40765199.27206551,31899739.401248984,17228509.401248984,16441885.412225505,0,0.0,0.0
7116,41994286.62420382,33548668.75465941,18877438.75465941,17808891.98433283,0,0.0,0.0
7117,41665779.98180163,33308606.606975082,18637376.606975082,17609874.037978772,0,0.0,0.0
7118,41083580.70973611,36363244.096217155,21692014.096217155,20142250.28233568,0,0.0,0.0
7119,42517422.20200182,35007598.210054085,20336368.210054085,19018383.555115186,0,0.0,0.0
7120,44495212.19290263,37116188.78149213,22444958.78149213,20766461.58106435,0,0.0,0.0
7121,45796863.512283884,37958931.96608935,23287701.966089353,21465118.239435036,0,0.0,0.0
7122,44240394.54049136,35914109.19196815,21242879.19196815,19769905.424382027,0,0.0,0.0
7123,41597716.1055505,32658922.56695646,17987692.56695646,17071268.578222822,0,0.0,0.0
7124,38037019.10828025,28528515.993181586,13857285.993181586,13647050.966869414,0,0.0,0.0
7125,33504864.968152866,23994024.54725697,9322794.547256969,9816524.323103093,0,0.0,0.0
7126,30214735.94176524,19887283.372877933,5216053.372877933,6323255.924688248,0,0.0,0.0
7127,28399511.737943586,18165517.52409565,3494287.5240956508,4858690.719911126,0,0.0,0.0
7128,28009691.355777975,18498614.240647055,3827384.240647055,5554195.619408303,0,0.0,0.0
7129,27864563.42129208,18750965.53348382,4079735.533483818,5772129.564000016,0,0.0,0.0
7130,27348740.491355773,18441669.451794595,3770439.4517945945,5505017.339721077,0,0.0,0.0
7131,27107423.11191992,18384239.40414112,3713009.4041411206,5455419.984056615,0,0.0,0.0
7132,28428199.81801638,19779147.938928522,5107917.938928522,6660081.6123507535,0,0.0,0.0
7133,33536365.605095547,25564760.51103838,10893530.511038382,11656613.849397501,0,0.0,0.0
7134,41122393.99454049,36407102.39161239,21735872.39161239,20925815.276070684,0,0.0,0.0
7135,42031412.37488626,34578379.07866236,19907149.07866236,19379400.152942974,0,0.0,0.0
7136,42025787.261146486,34629838.63157511,19958608.631575108,19422915.664715655,0,0.0,0.0
7137,42111851.50136487,37854619.717060275,23183389.717060275,22149872.88347931,0,0.0,0.0
7138,42643987.26114649,39061586.91242469,24390356.91242469,23170515.159330036,0,0.0,0.0
7139,43236311.73794359,38015104.87473069,23343874.87473069,22285583.230201323,0,0.0,0.0
7140,43817948.49863511,38479657.946261436,23808427.946261436,22678421.168135017,0,0.0,0.0
7141,43703758.689717926,38365522.70903992,23694292.70903992,22581905.497518677,0,0.0,0.0
7142,43484941.76524112,38123110.514132656,23451880.514132656,22376915.556404795,0,0.0,0.0
7143,43448941.03730664,37775558.51414399,23104328.51414399,22083016.711757425,0,0.0,0.0
7144,45287228.20746132,39144963.87359116,24473733.873591162,23241020.846415233,0,0.0,0.0
7145,46586629.48134667,39847236.97843922,25176006.97843922,23834880.913825303,0,0.0,0.0
7146,44858032.029117376,37850548.95320438,23179318.95320438,23100201.621709164,0,0.0,0.0
7147,41798532.666060045,34512386.409492664,19841156.409492664,19841156.409492664,0,0.0,0.0
7148,37641573.61237489,29724497.51910608,15053267.519106079,15249018.249000631,0,0.0,0.0
7149,33692743.76706096,24970717.875878256,10299487.875878256,11143590.701068133,0,0.0,0.0
7150,28994086.260236576,19635668.80627714,4964438.806277141,6536171.11839683,0,0.0,0.0
7151,26582600.0,16849997.165878527,2178767.165878527,4130427.9097735872,0,0.0,0.0
7152,27126548.498635124,17103952.412151814,2432722.4121518135,3948176.9998831,0,0.0,0.0
7153,27208675.159235675,16976089.883047473,2304859.8830474727,3844740.232215647,0,0.0,0.0
7154,26400346.314831667,16024269.500650344,1353039.5006503444,3074747.456030091,0,0.0,0.0
7155,25984087.898089178,15040507.578188626,369277.5781886261,2278914.9777696184,0,0.0,0.0
7156,27621558.507734306,16605520.105797634,1934290.1057976335,3544960.928439385,0,0.0,0.0
7157,32320778.52593266,21490597.855241843,6819367.855241843,7496835.30278687,0,0.0,0.0
7158,38039831.66515013,27143876.57673008,12472646.57673008,12025952.35868432,0,0.0,0.0
7159,40833825.65969063,29807828.75421022,15136598.754210219,14125142.867071018,0,0.0,0.0
7160,40928890.08189263,30040391.103174806,15369161.103174806,14308401.665664146,0,0.0,0.0
7161,40661134.66787988,29994880.18008752,15323650.180087522,14272539.123318097,0,0.0,0.0
7162,41837345.95086442,31035194.451999314,16363964.451999314,15092305.282709952,0,0.0,0.0
7163,41091455.8689718,30222574.281921476,15551344.281921476,14451961.750130262,0,0.0,0.0
7164,41111706.27843495,29421446.312653594,14750216.312653594,13820674.055363528,0,0.0,0.0
7165,40942952.86624203,28445209.810339205,13773979.810339205,13051401.086830944,0,0.0,0.0
7166,41226458.59872611,29051087.60454128,14379857.60454128,13528831.92270815,0,0.0,0.0
7167,40914827.29754321,33411700.532424737,18740470.532424737,16964988.677451394,0,0.0,0.0
7168,42940430.75523202,29878152.046066552,15206922.046066552,14180557.520543879,0,0.0,0.0
7169,44125642.22020018,30731510.820455987,16060280.820455987,14853003.015095241,0,0.0,0.0
7170,42353731.3921747,29240160.858496204,14568930.858496204,13677821.376590693,0,0.0,0.0
7171,39725115.74158326,26940635.85207449,12269405.852074489,12075783.309867704,0,0.0,0.0
7172,36217857.32484077,23583824.631631367,8912594.631631367,9190189.980356298,0,0.0,0.0
7173,32999729.7543221,20246606.42685771,5575376.42685771,6490485.332553846,0,0.0,0.0
7174,29023336.851683345,16520126.625287153,1848896.6252871528,3475880.286395541,0,0.0,0.0
7175,26511723.566878982,13916844.799482672,0.0,1980181.022423511,0,0.0,0.0
7176,26251280.80072793,13621415.238725102,0.0,1827012.4489036463,0,0.0,0.0
7177,26687789.62693358,14019446.64236594,0.0,1827012.4489036463,0,0.0,0.0
7178,26286719.01728844,13451882.938143477,0.0,1827012.4489036463,0,0.0,0.0
7179,25720832.575068243,12820384.659844704,0.0,1827012.4489036463,0,0.0,0.0
7180,26084777.434030935,13353297.202899631,0.0,1666768.7664323912,0,0.0,0.0
7181,28423137.2156506,15880123.30768966,1208893.3076896593,1208893.3076896593,0,0.0,0.0
7182,32397842.58416742,19763087.957278505,5091857.957278505,5091857.957278505,0,0.0,0.0
7183,35772348.31665151,23153307.64623485,8482077.646234851,8477187.133073526,0,0.0,0.0
7184,36861370.336669706,24409873.232481703,9738643.232481703,9431540.988751106,0,0.0,0.0
7185,37631448.40764331,25731081.55724541,11059851.557245411,10430305.764206521,0,0.0,0.0
7186,38231648.04367606,26646630.791276902,11975400.791276902,11122413.366018198,0,0.0,0.0
7187,38934787.2611465,27641362.464326434,12970132.464326434,11874378.77332774,0,0.0,0.0
7188,38539341.76524113,27556699.173794776,12885469.173794776,11810377.729153048,0,0.0,0.0
7189,38344712.82984532,26749597.799057446,12078367.799057446,11200251.06842871,0,0.0,0.0
7190,38154583.985441305,27095306.668870144,12424076.668870144,11461588.99315998,0,0.0,0.0
7191,39446672.61146496,28347029.555532787,13675799.555532787,12407826.391454913,0,0.0,0.0
7192,42057850.40946315,31170398.157212883,16499168.157212883,14542146.206605338,0,0.0,0.0
7193,43022557.415832564,31337052.667151548,16665822.667151548,14668128.34816298,0,0.0,0.0
7194,41314772.8844404,29746408.49590042,15075178.495900419,13465684.086533597,0,0.0,0.0
7195,38721032.93903548,27109918.624708727,12438688.624708727,11472634.871783772,0,0.0,0.0
7196,35847724.84076434,23843755.148762025,9172525.148762025,9003585.162126524,0,0.0,0.0
7197,32935040.94631483,21948599.38289163,7277369.382891629,7536626.276891548,0,0.0,0.0
7198,30177610.19108281,20051629.19260899,5380399.19260899,6048318.255152109,0,0.0,0.0
7199,28020379.07188353,18062968.839767836,3391738.839767836,4488072.780125597,0,0.0,0.0
7200,27691309.918107376,22296856.782644138,7625626.782644138,8887138.989397204,0,0.0,0.0
7201,27445492.447679706,25739953.211511824,11068723.211511824,11738231.527099682,0,0.0,0.0
7202,27163674.24931756,25507673.16436305,10836443.164363049,11545889.568991683,0,0.0,0.0
7203,27120360.873521388,17939929.804796852,3268699.804796852,5279339.367607308,0,0.0,0.0
7204,26843042.76615104,21556699.300446697,6885469.300446697,8274243.73136002,0,0.0,0.0
7205,27271676.433121014,17453155.125633113,2781925.125633113,4876260.428641119,0,0.0,0.0
7206,28629016.378525935,19278424.750631213,4607194.750631213,6387694.312251081,0,0.0,0.0
7207,30958938.489535935,21695198.823273957,7023968.823273957,8388929.731060008,0,0.0,0.0
7208,34512885.35031848,25268518.32116235,10597288.32116235,11067254.83092442,0,0.0,0.0
7209,36778118.65332119,28485483.011950634,13814253.011950634,13814253.011950634,0,0.0,0.0
7210,37963330.11828935,30596314.660997104,15925084.660997104,15744527.889959922,0,0.0,0.0
7211,39039414.37670608,32361767.283507142,17690537.283507142,17178837.40363349,0,0.0,0.0
7212,40323065.332120106,34080367.93959801,19409137.93959801,18575082.898872063,0,0.0,0.0
7213,40896826.93357598,35080654.21980741,20409424.21980741,19387747.090370838,0,0.0,0.0
7214,41009329.208371244,35556243.92050757,20885013.920507573,19774131.19585284,0,0.0,0.0
7215,42198478.25295724,36090485.2224795,21419255.2224795,20208165.716091767,0,0.0,0.0
7216,44705028.9353958,38657934.65000643,23986704.65000643,22294042.78400313,0,0.0,0.0
7217,47434334.121929005,41689490.33357465,27018260.333574653,24756974.443982244,0,0.0,0.0
7218,46088806.9153776,40483486.81188509,25812256.81188509,23777179.063110523,0,0.0,0.0
7219,44035077.88898999,37912408.876234375,23241178.876234375,21688354.08050805,0,0.0,0.0
7220,41441337.943585075,35034957.257147625,20363727.257147625,19350621.433497805,0,0.0,0.0
7221,38030268.97179255,31498457.88280626,16827227.88280626,16477457.558668517,0,0.0,0.0
7222,34078064.05823476,27218197.833726976,12546967.833726976,12962307.674360672,0,0.0,0.0
7223,30521304.64058235,23339944.100907758,8668714.100907758,9750878.513024637,0,0.0,0.0
7224,29560535.213830754,25529738.671842832,10858508.671842832,12360121.659672208,0,0.0,0.0
7225,29223590.900818918,22693571.157679237,8022341.157679237,9943200.540068187,0,0.0,0.0
7226,28751081.346678793,22092377.78051155,7421147.780511551,9430876.4396805,0,0.0,0.0
7227,29242716.287534125,23015223.768658377,8343993.768658377,10217305.995676484,0,0.0,0.0
7228,29244966.33303003,23238758.9275575,8567528.927557498,10407797.863247517,0,0.0,0.0
7229,31566450.77343039,25442256.236407492,10771026.236407492,12285571.004697789,0,0.0,0.0
7230,36521613.466787994,30452952.467064783,15781722.467064783,16555578.852724116,0,0.0,0.0
7231,43834261.32848044,37706186.69252186,23034956.692521863,22703235.928498134,0,0.0,0.0
7232,47061951.59235668,40965625.81623246,26294395.816232458,25426940.015924532,0,0.0,0.0
7233,48531793.81255686,42494484.07108716,27823254.07108716,26704508.73857728,0,0.0,0.0
7234,48412541.40127389,43039531.285232425,28368301.285232425,27159969.714733757,0,0.0,0.0
7235,48144785.98726113,42241894.26899002,27570664.268990017,26493435.651981015,0,0.0,0.0
7236,48103160.14558689,42117945.344752274,27446715.344752274,26389859.49094074,0,0.0,0.0
7237,48174036.5787079,42130437.643705666,27459207.643705666,26400298.50343008,0,0.0,0.0
7238,47575524.4767971,41064457.98671124,26393227.98671124,25509527.7178221,0,0.0,0.0
7239,47961969.79071882,41918250.22985531,27247020.229855306,26222987.099697933,0,0.0,0.0
7240,48656671.33757959,42259701.48446151,27588471.48446151,26508315.99909736,0,0.0,0.0
7241,51910237.124658786,44755987.00358634,30084757.003586337,28594301.597774018,0,0.0,0.0
7242,51276286.80618745,43617480.27092962,28946250.27092962,27642924.589766163,0,0.0,0.0
7243,49033553.95814376,41318148.81426315,26646918.81426315,26216148.265290298,0,0.0,0.0
7244,45379480.07279344,37370859.17407651,22699629.174076512,22699629.174076512,0,0.0,0.0
7245,43058558.14376706,34994138.02387106,20322908.023871057,20425479.7755272,0,0.0,0.0
7246,38946037.488626026,30950359.871610954,16279129.871610954,16979458.773459196,0,0.0,0.0
7247,32088461.328480437,25286265.80233493,10615035.80233493,12152639.302785473,0,0.0,0.0
7248,31615389.262966327,24697547.22828305,10026317.228283051,11849736.276080063,0,0.0,0.0
7249,32090711.373976346,25164534.68083565,10493304.68083565,12238965.221779613,0,0.0,0.0
7250,32072148.498635124,24292147.194792293,9620917.194792293,11511839.77209551,0,0.0,0.0
7251,31088878.61692448,23131927.417069644,8460697.417069644,10544809.248268133,0,0.0,0.0
7252,30629869.33575978,22688769.53848108,8017539.538481079,10175441.992427247,0,0.0,0.0
7253,32856289.353958134,28086273.102713916,13415043.102713916,14674202.312929213,0,0.0,0.0
7254,38884161.237488635,30618564.64516767,15947334.645167671,16420342.329808524,0,0.0,0.0
7255,45394667.879890814,36978371.39807162,22307141.398071617,22055189.73043977,0,0.0,0.0
7256,47401708.4622384,39011913.13566087,24340683.135660872,23703588.313506607,0,0.0,0.0
7257,47107515.01364878,38765663.803688854,24094433.803688854,23503977.43638488,0,0.0,0.0
7258,47865780.34576889,39764201.657872945,25092971.657872945,24313396.95974661,0,0.0,0.0
7259,47920906.46041856,40133848.48887211,25462618.48887211,24613034.435187124,0,0.0,0.0
7260,48357415.28662419,40736022.151051916,26064792.151051916,25101159.26348503,0,0.0,0.0
7261,48262913.37579618,40724350.96708726,26053120.96708726,25091698.54637535,0,0.0,0.0
7262,47613775.25022747,40305462.854464136,25634232.854464136,24752145.854366135,0,0.0,0.0
7263,47572711.9199272,40344779.81011508,25673549.810115077,24784016.365203243,0,0.0,0.0
7264,49943134.8498635,42259724.18644648,27588494.18644648,26336279.364407077,0,0.0,0.0
7265,53099386.169244766,45171644.05567885,30500414.055678852,28696695.429502062,0,0.0,0.0
7266,52415372.33848954,44646283.244972914,29975053.244972914,28270835.463139556,0,0.0,0.0
7267,50160826.75159235,42671206.12642795,27999976.12642795,26669828.577725496,0,0.0,0.0
7268,47139015.65059143,39994361.94625085,25323131.94625085,24499965.981777176,0,0.0,0.0
7269,42920180.34576887,35943148.66363034,21271918.663630337,21216033.269046158,0,0.0,0.0
7270,38305337.03366697,31965766.982024483,17294536.982024483,17907718.126337167,0,0.0,0.0
7271,33587554.14012739,27670392.62107883,12999162.62107883,14327570.469784318,0,0.0,0.0
7272,33436238.58052775,28011330.966434333,13340100.966434333,14943491.029462198,0,0.0,0.0
7273,33586429.117379434,29061888.19535879,14390658.19535879,15793677.629990667,0,0.0,0.0
7274,32617784.53139217,28117693.598920144,13446463.598920144,15029567.334918642,0,0.0,0.0
7275,31731829.117379434,26609560.499748223,11938330.499748223,13809077.372613473,0,0.0,0.0
7276,31552950.500454962,26190533.569294095,11519303.569294095,13469970.590303864,0,0.0,0.0
7277,33580241.492265694,28326078.833345708,13654848.833345708,15198207.680421736,0,0.0,0.0
7278,39550174.70427663,33963516.89552391,19292286.895523913,19760428.728274524,0,0.0,0.0
7279,44459211.46496815,38217330.56857229,23546100.56857229,23162797.255039908,0,0.0,0.0
7280,46804883.89444951,40401496.242436334,25730266.242436334,24881680.47868653,0,0.0,0.0
7281,47887155.77797996,41495966.1588717,26824736.158871703,25743000.66179264,0,0.0,0.0
7282,49258558.507734306,45015796.5224552,30344566.5224552,28513018.263681874,0,0.0,0.0
7283,48725860.2365787,41177921.41077876,26506691.41077876,25492707.47734811,0,0.0,0.0
7284,48562169.42675159,41185516.81670513,26514286.81670513,25498684.869988155,0,0.0,0.0
7285,47848905.004549585,40744048.59194581,26072818.591945812,25151260.526499886,0,0.0,0.0
7286,47307769.06278436,40494769.942591615,25823539.942591615,24955084.525056645,0,0.0,0.0
7287,46944386.715195626,40026507.7201731,25355277.7201731,24586573.982100107,0,0.0,0.0
7288,48658921.38307551,40819568.86579983,26148338.86579983,25210693.07473842,0,0.0,0.0
7289,50874653.68516833,43339371.83641672,28668141.83641672,27193714.374320418,0,0.0,0.0
7290,49093742.67515924,41952877.606514476,27281647.606514476,26117862.194958672,0,0.0,0.0
7291,47299331.392174706,40215320.657101594,25544090.657101594,25489408.45577311,0,0.0,0.0
7292,44869282.25659691,38683943.579456486,24012713.579456486,24012713.579456486,0,0.0,0.0
7293,40771949.40855323,35185486.08053338,20514256.080533378,20749334.233610347,0,0.0,0.0
7294,36375360.509554125,30064549.034475416,15393319.034475416,16605103.021032237,0,0.0,0.0
7295,32817476.06915377,26427884.558515206,11756654.558515206,13662052.111521473,0,0.0,0.0
7296,31860644.22202001,25794733.2307188,11123503.230718799,12944083.673544236,0,0.0,0.0
7297,32090148.862602364,27322024.37594093,12650794.37594093,14218431.349963581,0,0.0,0.0
7298,31586138.671519563,27353442.001221675,12682212.001221675,14244645.721663682,0,0.0,0.0
7299,30825623.293903537,26763490.694196917,12092260.694196917,13752399.64293832,0,0.0,0.0
7300,30633244.40400364,26822451.953971848,12151221.953971848,13801595.98944239,0,0.0,0.0
7301,32187463.330300268,28460513.396609176,13789283.396609176,15168368.65736968,0,0.0,0.0
7302,36163856.232939035,32055896.892551243,17384666.892551243,18166561.494790353,0,0.0,0.0
7303,42031412.37488626,37325771.30703406,22654541.30703406,22553127.161774047,0,0.0,0.0
7304,44596464.24021838,39915266.761671424,25244036.761671424,24654882.369437896,0,0.0,0.0
7305,45504357.59781619,41104264.39394074,26433034.39394074,25619928.267103713,0,0.0,0.0
7306,46245185.07734305,42288761.168147996,27617531.168147996,26581321.05858082,0,0.0,0.0
7307,46899948.3166515,43210527.15358547,28539297.15358547,27329469.295980196,0,0.0,0.0
7308,46797008.73521382,43238455.899692416,28567225.899692416,27352137.56808265,0,0.0,0.0
7309,46381875.34121929,42910417.67301482,28239187.67301482,27085886.453411743,0,0.0,0.0
7310,46168683.530482255,42863745.48229479,28192515.48229479,27048005.128027204,0,0.0,0.0
7311,46480314.83166516,44091918.65714541,29420688.65714541,28044847.72202852,0,0.0,0.0
7312,48133535.75978162,43643423.89309682,28972193.89309682,27680828.467134297,0,0.0,0.0
7313,50251953.59417653,44379353.87254712,29708123.87254712,28278143.54023691,0,0.0,0.0
7314,49962260.23657871,43168231.08856758,28497001.088567577,27295139.83818722,0,0.0,0.0
7315,48693234.57688808,41411513.22912009,26740283.22912009,25869305.74263871,0,0.0,0.0
7316,45698424.02183804,38603087.03505602,23931857.035056017,23590091.325149175,0,0.0,0.0
7317,41452025.65969062,34297478.22470448,19626248.22470448,20038640.17651923,0,0.0,0.0
7318,36838307.370336674,29878494.219830833,15207264.219830833,16351509.522772191,0,0.0,0.0
7319,32942916.1055505,25954670.931600284,11283440.931600284,13077533.172107607,0,0.0,0.0
7320,31745329.390354864,24189799.231954154,9518569.231954154,11105467.762758901,0,0.0,0.0
7321,32051898.089171972,24469587.08387971,9798357.08387971,11344947.962740745,0,0.0,0.0
7322,31878082.07461328,24605736.790703997,9934506.790703997,11461483.254724843,0,0.0,0.0
7323,31398822.383985437,23784878.872829065,9113648.872829065,10758882.276960911,0,0.0,0.0
7324,31267194.722474985,23898769.826445978,9227539.826445978,10856365.52421626,0,0.0,0.0
7325,32545220.564149223,25984214.06801536,11312984.06801536,12641370.12890116,0,0.0,0.0
7326,37032936.30573248,30441232.72076922,15770002.72076922,16456288.149603132,0,0.0,0.0
7327,43373564.51319382,37797020.10577469,23125790.105774693,22707793.53566057,0,0.0,0.0
7328,46286810.91901729,41523115.35861262,26851885.35861262,25833038.226677738,0,0.0,0.0
7329,47337582.16560508,42923973.808461756,28252743.808461756,27008001.59615229,0,0.0,0.0
7330,46919636.21474066,43209181.89341936,28537951.893419363,27247218.5224158,0,0.0,0.0
7331,46654693.35759781,43438977.12925443,28767747.12925443,27439958.184738602,0,0.0,0.0
7332,45856489.71792538,42758220.998893745,28086990.998893745,26868977.214601915,0,0.0,0.0
7333,44797280.800727926,41776346.56422478,27105116.56422478,26045434.697309166,0,0.0,0.0
7334,44046328.11646951,40740297.521375,26069067.521375,25176453.484782845,0,0.0,0.0
7335,43728509.19017288,40115835.72915994,25444605.729159936,24652689.12331709,0,0.0,0.0
7336,46108494.813466795,41525038.024555124,26853808.024555124,25834650.853602633,0,0.0,0.0
7337,49185994.54049136,43898800.114228375,29227570.114228375,27825632.528813116,0,0.0,0.0
7338,47936094.26751593,41825540.37209671,27154310.37209671,26086695.769946955,0,0.0,0.0
7339,45373292.44767972,38674144.96394736,24002914.963947363,23458367.475745644,0,0.0,0.0
7340,42162477.52502275,37837749.29108612,23166519.291086122,23162184.700753726,0,0.0,0.0
7341,38897661.51046406,30862624.64307392,16191394.64307392,16816972.2219449,0,0.0,0.0
7342,35446654.23111919,27238578.817137256,12567348.817137256,13715024.75294043,0,0.0,0.0
7343,29710725.750682436,20959737.694487132,6288507.694487132,8340745.214504458,0,0.0,0.0
7344,28348323.202911742,19172028.67209088,4500798.672090881,4747759.778537842,0,0.0,0.0
7345,27128236.032757055,17852429.801882077,3181199.801882077,3959354.162863436,0,0.0,0.0
7346,26309781.98362147,16520647.85788491,1849417.85788491,3163669.665698779,0,0.0,0.0
7347,25471077.525022745,15483518.741360586,812288.7413605861,2544028.01693181,0,0.0,0.0
7348,24738125.204731576,14170516.10261678,0.0,2058719.1706636657,0,0.0,0.0
7349,25302324.11282984,13976956.069607288,0.0,2058719.1706636657,0,0.0,0.0
7350,27469680.436760686,15564371.540317934,893141.540317934,2592043.900700451,0,0.0,0.0
7351,31012939.58143767,18733492.036601163,4062262.0366011634,4124011.249386383,0,0.0,0.0
7352,33319798.726114646,20312251.107652076,5641021.107652076,5426036.311726125,0,0.0,0.0
7353,35943914.28571428,22292948.90668477,7621718.906684771,6598325.290038176,0,0.0,0.0
7354,36386610.73703366,22114854.38314507,7443624.383145072,6492918.878648572,0,0.0,0.0
7355,36249920.47315741,21842244.013567995,7171014.013567995,6331572.64411201,0,0.0,0.0
7356,36134043.130118296,21533171.454843573,6861941.454843573,6148646.02387328,0,0.0,0.0
7357,35616532.666060045,20813407.62051299,6142177.620512988,5722649.079571411,0,0.0,0.0
7358,35242462.60236578,20757151.355349563,6085921.355349563,5689353.440204168,0,0.0,0.0
7359,35303213.83075523,20750476.07150034,6079246.071500339,5685402.629693158,0,0.0,0.0
7360,38077519.92720655,23929002.813658588,9257772.813658588,7566634.521262856,0,0.0,0.0
7361,41429525.204731576,27196167.880246364,12524937.880246364,9500327.586281396,0,0.0,0.0
7362,39997933.75796177,25884613.866099004,11213383.866099004,8724075.744129233,0,0.0,0.0
7363,37060499.36305732,22840136.769884374,8168906.769884374,6922182.014374562,0,0.0,0.0
7364,34769953.048225656,20694863.219242886,6023633.219242886,5652487.798472693,0,0.0,0.0
7365,32648722.65696087,18872561.415081553,4201331.415081553,4568840.508093631,0,0.0,0.0
7366,30988751.592356686,17473391.789409794,2802161.789409794,3732894.664955615,0,0.0,0.0
7367,27243550.8644222,13995181.606334828,0.0,2058719.1706636657,0,0.0,0.0
7368,26513973.612374887,13770617.523662822,0.0,1740233.6884937102,0,0.0,0.0
7369,26159028.935395814,18757625.6099354,4086395.609935399,5234987.361199188,0,0.0,0.0
7370,25194321.929026388,13455177.870795436,0.0,1740233.6884937102,0,0.0,0.0
7371,25185321.747042768,18444603.857475433,3773373.8574754335,4967285.938364247,0,0.0,0.0
7372,24877628.02547771,14178666.153478451,0.0,1740233.6884937102,0,0.0,0.0
7373,24792688.80800728,14405115.507193025,0.0,1740233.6884937102,0,0.0,0.0
7374,26072964.69517743,15814412.507148257,1143182.5071482565,2257470.2817992,0,0.0,0.0
7375,27593995.45040947,17687640.83443635,3016410.8344363496,3016410.8344363496,0,0.0,0.0
7376,31114191.62875341,21866004.36514542,7194774.365145419,7194774.365145419,0,0.0,0.0
7377,34961206.9153776,25177844.11986094,10506614.11986094,10506614.11986094,0,0.0,0.0
7378,36727492.62966333,27331356.496678516,12660126.496678516,12555066.720890585,0,0.0,0.0
7379,37662949.044585995,29193144.335731175,14521914.335731175,14111647.486023374,0,0.0,0.0
7380,38420089.353958145,30874007.77340576,16202777.77340576,15516963.1944075,0,0.0,0.0
7381,38670406.91537761,32172293.304456245,17501063.304456245,16602417.854113339,0,0.0,0.0
7382,39109728.29845313,33746859.52779135,19075629.52779135,17918861.88992698,0,0.0,0.0
7383,40245438.762511365,34879950.449165896,20208720.449165896,18866202.664403003,0,0.0,0.0
7384,43601944.13102823,38070839.52384938,23399609.523849383,21534002.1059613,0,0.0,0.0
7385,45607859.690627836,40075321.09468511,25404091.094685107,23209884.498024646,0,0.0,0.0
7386,44357396.90627844,38376773.13601773,23705543.136017732,21789783.332006447,0,0.0,0.0
7387,42174290.263876244,35798106.562651776,21126876.562651776,19633843.378163617,0,0.0,0.0
7388,39848305.73248408,33394598.651428036,18723368.651428036,17624347.9324532,0,0.0,0.0
7389,37018311.010009095,30364721.99038232,15693491.990382321,15091165.776903018,0,0.0,0.0
7390,33249484.8043676,26705994.270105347,12034764.270105347,12031618.915813837,0,0.0,0.0
7391,29642661.874431297,23544759.871371277,8873529.871371277,9329024.414589558,0,0.0,0.0
7392,29721975.978161965,23884156.65439441,9212926.65439441,10927758.610277917,0,0.0,0.0
7393,30110671.337579623,24156121.674753703,9484891.674753703,11157182.953583132,0,0.0,0.0
7394,29237091.173794355,25552468.346249435,10881238.346249435,12335113.54815415,0,0.0,0.0
7395,28389949.044585988,22539189.644263297,7867959.644263297,9793170.887713932,0,0.0,0.0
7396,28152006.733393993,22017438.095277783,7346208.0952777825,9353031.540615749,0,0.0,0.0
7397,30096046.04185623,23908506.063888118,9237276.063888118,10948299.29332452,0,0.0,0.0
7398,35420216.196542315,31586353.69203607,16915123.69203607,17425180.576653894,0,0.0,0.0
7399,41854783.80345769,35678383.01021361,21007153.010213614,20860359.945128735,0,0.0,0.0
7400,43546818.01637852,37670724.07765982,22999494.077659823,22500826.15347203,0,0.0,0.0
7401,45522357.96178344,40385851.8404581,25714621.840458103,24736424.97687759,0,0.0,0.0
7402,45787300.81892629,40814249.433986634,26143019.433986634,25089161.658062376,0,0.0,0.0
7403,45914428.38944495,40901441.21760594,26230211.21760594,25160954.172411323,0,0.0,0.0
7404,45797988.53503184,41338009.238497056,26666779.238497056,25520418.271012265,0,0.0,0.0
7405,44791093.17561419,40755293.01503004,26084063.01503004,25040617.75428831,0,0.0,0.0
7406,44391147.58871701,40304856.015836425,25633626.015836425,24669734.129873615,0,0.0,0.0
7407,44549775.79617835,40181149.85681403,25509919.856814027,24567876.181475107,0,0.0,0.0
7408,47527711.010009095,42348625.101856425,27677395.101856425,26352545.46075183,0,0.0,0.0
7409,49584815.10464057,43927486.97878513,29256256.978785127,27652558.595582668,0,0.0,0.0
7410,48424916.651501365,42322277.802293114,27651047.802293114,26969986.374679547,0,0.0,0.0
7411,46354874.79526842,40492870.23790803,25821640.237908028,25821640.237908028,0,0.0,0.0
7412,43424190.53685168,37526103.924156345,22854873.924156345,22854873.924156345,0,0.0,0.0
7413,39254293.72156506,33333651.28045962,18662421.28045962,18899166.463711258,0,0.0,0.0
7414,34919018.56232938,28699879.071682736,14028649.071682736,14990207.346027093,0,0.0,0.0
7415,30740121.565059144,24731627.80800034,10060397.808000341,11642668.6109438,0,0.0,0.0
7416,29481783.621474065,23596720.009695873,8925490.009695873,9876273.06617015,0,0.0,0.0
7417,28973273.33939945,22588146.065959908,7916916.065959908,9073079.953108756,0,0.0,0.0
7418,28990148.68061874,22523233.84566319,7852003.84566319,9021386.124788422,0,0.0,0.0
7419,28264509.008189265,22003499.050709464,7332269.050709464,8607487.460721323,0,0.0,0.0
7420,27893251.501364883,21076251.038350247,6405021.038350247,7869059.483028346,0,0.0,0.0
7421,29654474.6132848,21637439.97277838,6966209.97277838,8315970.777989316,0,0.0,0.0
7422,34307006.18744314,26113464.319765992,11442234.319765992,11880520.458976015,0,0.0,0.0
7423,39831992.902638756,31356245.393989928,16685015.393989928,16014423.424934775,0,0.0,0.0
7424,41486901.36487715,31805190.610227156,17133960.610227156,16365948.840735322,0,0.0,0.0
7425,42602923.93084623,32541035.224768788,17869805.224768788,16942117.323516667,0,0.0,0.0
7426,42681675.5232029,32584548.253911637,17913318.253911637,16976188.152448487,0,0.0,0.0
7427,42931993.084622376,36908311.561839394,22237081.561839394,20361707.45340334,0,0.0,0.0
7428,42566923.20291174,32191040.108482055,17519810.108482055,16668070.125036562,0,0.0,0.0
7429,42132101.91082802,32058722.043168776,17387492.043168776,16564464.693360474,0,0.0,0.0
7430,41784469.88171065,30837933.069120716,16166703.069120716,15608583.360435845,0,0.0,0.0
7431,42010599.454049125,35001185.348506846,20329955.348506846,18868422.057147745,0,0.0,0.0
7432,44706153.95814376,31510299.218919966,16839069.218919966,16135048.019886652,0,0.0,0.0
7433,47445584.34940855,33758511.780421115,19087281.780421115,18087055.651081122,0,0.0,0.0
7434,46385812.92083711,38225254.27973336,23554024.27973336,23547280.508703977,0,0.0,0.0
7435,44282020.3821656,30468578.23351887,15797348.233518869,15797348.233518869,0,0.0,0.0
7436,41166832.393084615,27096325.480640583,12425095.480640583,12663236.808543595,0,0.0,0.0
7437,37100437.67060965,23079126.016608167,8407896.016608167,9464079.262045037,0,0.0,0.0
7438,32195901.00090992,18164067.054673605,3492837.0546736047,5549897.725792735,0,0.0,0.0
7439,28938960.145586904,15401236.975256981,730006.9752569813,3349676.2089386303,0,0.0,0.0
7440,29207840.582347583,15886069.55605696,1214839.5560569596,3078744.4774375125,0,0.0,0.0
7441,29114463.69426751,16356683.219981603,1685453.2199816033,3465317.074208949,0,0.0,0.0
7442,28451825.295723382,15739602.727769462,1068372.7277694624,2958433.346477574,0,0.0,0.0
7443,27461242.766151045,14608606.418010537,0.0,2072219.8310610107,0,0.0,0.0
7444,26929669.517743405,14053946.850539286,0.0,197583.79648226599,0,0.0,0.0
7445,28121068.607825287,14862298.611448813,191068.61144881323,191068.61144881323,0,0.0,0.0
7446,32854601.81983621,19381234.548817467,4710004.548817467,4710004.548817467,0,0.0,0.0
7447,39124353.59417652,25053005.48267053,10381775.48267053,10381775.48267053,0,0.0,0.0
7448,41092580.89171974,26674386.297472514,12003156.297472514,11931658.864006046,0,0.0,0.0
7449,42182727.9344859,27507192.84157422,12835962.841574222,12594986.279493686,0,0.0,0.0
7450,42184977.979981795,27460852.661581904,12789622.661581904,12558076.492886886,0,0.0,0.0
7451,42673237.852593265,28185209.456972063,13513979.456972063,13135024.073786752,0,0.0,0.0
7452,42349793.81255687,28644143.198811747,13972913.198811747,13500563.147669684,0,0.0,0.0
7453,41615716.46951774,29169656.636239264,14498426.636239264,13919132.709498502,0,0.0,0.0
7454,41427275.15923567,28733963.06378885,14062733.06378885,13572104.346903386,0,0.0,0.0
7455,42543860.236578695,30294478.989374965,15623248.989374965,14815049.666050537,0,0.0,0.0
7456,46170371.06460418,34645664.84943135,19974434.84943135,18280753.545660127,0,0.0,0.0
7457,48746673.15741582,37562024.58475809,22890794.584758088,20603623.58020469,0,0.0,0.0
7458,48039596.36032758,37503090.22296097,22831860.22296097,20556682.573111072,0,0.0,0.0
7459,46493815.10464058,35459180.43540893,20787950.435408928,18928715.7824212,0,0.0,0.0
7460,43555255.68698817,33322869.95513268,18651639.95513268,17227152.172484294,0,0.0,0.0
7461,39327420.200181976,30630870.09656804,15959640.09656804,15082983.97241228,0,0.0,0.0
7462,35169898.63512284,26712187.369461775,12040957.369461775,11961767.281816743,0,0.0,0.0
7463,31172130.300272968,26279607.620915145,11608377.620915145,11615401.903885685,0,0.0,0.0
7464,30573618.19836214,23139601.94061264,8468371.94061264,9607325.287976732,0,0.0,0.0
7465,30240048.95359418,23043968.046828557,8372738.046828557,9531166.945723994,0,0.0,0.0
7466,29280967.060964506,21475995.792042308,6804765.792042308,8282507.470534001,0,0.0,0.0
7467,28627891.35577798,20370504.234109603,5699274.234109603,7402145.905243803,0,0.0,0.0
7468,28688642.584167413,20209686.884118915,5538456.884118915,7274078.519339583,0,0.0,0.0
7469,30194485.532302096,22095903.1946588,7424673.194658801,8776172.61649223,0,0.0,0.0
7470,34596699.54504095,26688833.465424594,12017603.465424594,12433766.610245949,0,0.0,0.0
7471,40976703.54868062,31723289.66901104,17052059.66901104,16394529.076780168,0,0.0,0.0
7472,42799802.911737934,32152940.608167425,17481710.608167425,16729715.332112158,0,0.0,0.0
7473,42649049.86351227,31921697.05203762,17250467.05203762,16549313.86062698,0,0.0,0.0
7474,42785740.12738853,31846925.61142318,17175695.61142318,16490981.952323599,0,0.0,0.0
7475,43158685.16833484,31814642.121302705,17143412.121302705,16465796.432692759,0,0.0,0.0
7476,43371314.4676979,32139452.288397968,17468222.288397968,16719192.605446821,0,0.0,0.0
7477,42668737.761601456,32319786.808267377,17648556.808267377,16859878.094324835,0,0.0,0.0
7478,42024099.72702456,32348861.966072317,17677631.966072317,16882560.677742355,0,0.0,0.0
7479,43001181.98362148,33309785.62143455,18638555.62143455,17632212.016415577,0,0.0,0.0
7480,46632192.90263876,36588513.80501653,21917283.805016533,20190066.595446914,0,0.0,0.0
7481,48732610.37306643,38043457.19726581,23372227.19726581,22917630.694884412,0,0.0,0.0
7482,48128473.15741584,35913446.43253224,21242216.432532243,21242216.432532243,0,0.0,0.0
7483,45995992.538671516,32836700.785463803,18165470.785463803,18165470.785463803,0,0.0,0.0
7484,42461171.064604186,29424722.17945224,14753492.17945224,14753492.17945224,0,0.0,0.0
7485,37917766.69699726,24859998.1705918,10188768.170591801,10977368.059516395,0,0.0,0.0
7486,33432863.5122839,20631462.451605596,5960232.451605596,7609960.775634785,0,0.0,0.0
7487,29486283.712465882,17167864.60124348,2496634.601243481,4851714.090528775,0,0.0,0.0
7488,28330885.350318465,16726170.664637715,2054940.6646377146,3666696.443914669,0,0.0,0.0
7489,27988315.923566874,16551637.2517496,1880407.2517495994,3529255.8123764223,0,0.0,0.0
7490,27860625.841674242,16438065.22023057,1766835.22023057,3439820.72095892,0,0.0,0.0
7491,27528181.61965423,16165618.309126653,1494388.3091266528,3225275.695435515,0,0.0,0.0
7492,27505681.164695185,20908811.119416237,6237581.119416237,6960419.611814365,0,0.0,0.0
7493,28837145.586897172,17396629.548053112,2725399.548053112,4194665.792775757,0,0.0,0.0
7494,33942498.817106456,22560753.095159143,7889523.095159143,8014220.928858255,0,0.0,0.0
7495,39767304.094631486,28406164.417427216,13734934.417427216,12763576.005394964,0,0.0,0.0
7496,41751281.71064604,30668388.210517578,15997158.210517578,14489367.85593328,0,0.0,0.0
7497,42335168.516833484,30760128.55581697,16088898.55581697,14559354.185653104,0,0.0,0.0
7498,42429670.427661516,30304366.54137838,15633136.541378379,14211665.167128302,0,0.0,0.0
7499,42248541.765241124,29122127.08744312,14450897.08744312,13309765.354555326,0,0.0,0.0
7500,42508984.531392165,28522093.15836107,13850863.15836107,12852015.034706706,0,0.0,0.0
7501,41719781.07370335,27414596.903824136,12743366.903824136,12007134.87014502,0,0.0,0.0
7502,40730886.078252956,26196775.542618588,11525545.542618588,11078090.543496452,0,0.0,0.0
7503,40813575.25022749,25969332.48942659,11298102.48942659,10904580.138001122,0,0.0,0.0
7504,43746509.55414012,28927075.190370962,14255845.190370962,13160965.32184975,0,0.0,0.0
7505,45656798.180163786,30789459.650564045,16118229.650564045,14581730.116998391,0,0.0,0.0
7506,44829906.46041856,29627829.792810414,14956599.792810414,13695552.830747422,0,0.0,0.0
7507,42733989.080982715,27409010.63337842,12737780.63337842,12002873.249327676,0,0.0,0.0
7508,39275106.64240218,24077535.703382477,9406305.703382477,9455709.773075806,0,0.0,0.0
7509,35312776.524112836,20198691.903672457,5527461.903672457,6401218.758154116,0,0.0,0.0
7510,31700890.99181073,17047416.313278884,2376186.3132788837,3919669.236330416,0,0.0,0.0
7511,28530014.376706094,14552954.81113561,0.0,2048482.8420154755,0,0.0,0.0
7512,27708185.25932666,14285541.124540646,0.0,1850493.3283417937,0,0.0,0.0
7513,27598495.541401267,14636910.358662162,0.0,1850493.3283417937,0,0.0,0.0
7514,27014046.223839853,14170683.008283466,0.0,1850493.3283417937,0,0.0,0.0
7515,26660789.080982715,14397781.705965023,0.0,1850493.3283417937,0,0.0,0.0
7516,26121340.673339397,14372805.8296437,0.0,1800831.3750605686,0,0.0,0.0
7517,26704664.96815286,15090008.410229426,418778.4102294259,475534.5325596358,0,0.0,0.0
7518,28548577.25204731,17637908.49503564,2966678.495035641,2966678.495035641,0,0.0,0.0
7519,32034460.236578707,22064176.73256611,7392946.732566111,7392946.732566111,0,0.0,0.0
7520,35533843.49408552,27573438.6387474,12902208.638747402,12709163.290020084,0,0.0,0.0
7521,37882328.480436765,33316521.50738962,18645291.50738962,17426798.14087252,0,0.0,0.0
7522,39065852.41128298,31768169.690067682,17096939.690067682,16154910.086694822,0,0.0,0.0
7523,39369046.04185623,31682285.81888766,17011055.81888766,16084361.088348066,0,0.0,0.0
7524,39578862.784349404,32046047.3539223,17374817.3539223,16383171.698316643,0,0.0,0.0
7525,39154166.69699726,30701253.746705722,16030023.746705722,15278495.806689052,0,0.0,0.0
7526,38786846.76979072,29906491.251029704,15235261.251029704,14625641.001437372,0,0.0,0.0
7527,39360608.37124659,30541546.709932774,15870316.709932774,15147305.03339893,0,0.0,0.0
7528,42276667.33393994,34076024.622875094,19404794.622875094,18050689.25456497,0,0.0,0.0
7529,45088099.1810737,36719922.65887656,22048692.65887656,20222509.825855047,0,0.0,0.0
7530,43983326.84258416,35557083.51049234,20885853.51049234,19267299.77267852,0,0.0,0.0
7531,41821595.63239308,33935998.836069494,19264768.836069494,17935665.573562734,0,0.0,0.0
7532,39165416.9244768,31281504.17268362,16610274.172683619,15755140.440664602,0,0.0,0.0
7533,36165543.767060965,28753756.220906273,14082526.220906273,13678730.940013448,0,0.0,0.0
7534,33817621.29208371,26668659.639199458,11997429.639199458,11967208.001965214,0,0.0,0.0
7535,30819435.66878981,24458874.99012054,9787644.990120541,10106012.631255366,0,0.0,0.0
7536,30558430.391264785,23871170.45868784,9199940.458687838,9824859.16756976,0,0.0,0.0
7537,29711850.773430392,22392446.607420795,7721216.607420795,8744335.249457374,0,0.0,0.0
7538,28538452.04731574,20771204.053302128,6099974.053302128,7559670.949029794,0,0.0,0.0
7539,27375741.037306637,22953208.806821253,8281978.806821253,9154091.924651548,0,0.0,0.0
7540,26988733.212010916,19542820.815109298,4871590.815109298,6662074.370508113,0,0.0,0.0
7541,26922919.381255694,19422909.01196184,4751679.01196184,6574453.161684166,0,0.0,0.0
7542,28266196.542311195,20770141.239216223,6098911.239216223,7558894.336114985,0,0.0,0.0
7543,29788352.320291176,22185314.428503025,7514084.428503025,8592980.908794232,0,0.0,0.0
7544,32759537.39763421,24737468.665224776,10066238.665224776,10457875.218253586,0,0.0,0.0
7545,35795411.282984525,27252118.142927255,12580888.142927255,12283894.830025818,0,0.0,0.0
7546,37138125.93266606,27845585.504434526,13174355.504434526,12711109.073230274,0,0.0,0.0
7547,37842390.172884434,28340577.09566886,13669347.09566886,13067434.410995541,0,0.0,0.0
7548,38553404.54959053,28221811.605024032,13550581.605024032,12981939.719129473,0,0.0,0.0
7549,37858140.49135577,27321259.13269621,12650029.132696211,12333666.759426504,0,0.0,0.0
7550,37852515.37761601,31855125.015103463,17183895.015103463,15597421.781815182,0,0.0,0.0
7551,38715970.3366697,29234713.721196484,14563483.721196484,13711088.850265818,0,0.0,0.0
7552,42179352.86624204,32563441.462915517,17892211.462915517,16107311.448591055,0,0.0,0.0
7553,45034098.08917197,35701119.56606978,21029889.56606978,18366004.78743579,0,0.0,0.0
7554,43505192.17470427,33297334.610526957,18626104.610526957,16917402.277400117,0,0.0,0.0
7555,41388461.8744313,31604203.50848288,16932973.50848288,16932973.50848288,0,0.0,0.0
7556,38641156.32393084,28653544.718473323,13982314.718473323,13982314.718473323,0,0.0,0.0
7557,35399965.787079155,25685779.64722085,11014549.64722085,11150819.135386877,0,0.0,0.0
7558,31662077.70700637,21757206.9406584,7085976.940658402,8280156.861395005,0,0.0,0.0
7559,28958085.53230209,19059567.9273216,4388337.927321602,6308954.818602545,0,0.0,0.0
7560,28519326.660600547,18462030.48512215,3790800.4851221517,5324332.590591368,0,0.0,0.0
7561,28274071.701546855,18419759.09777343,3748529.097773429,5289016.9847162645,0,0.0,0.0
7562,27170424.38580528,17555471.70906493,2884241.7090649307,4566948.590540992,0,0.0,0.0
7563,26535349.044585984,16612511.310743183,1941281.310743183,3779152.876427312,0,0.0,0.0
7564,26673164.331210185,16465096.088394152,1793866.088394152,3655994.9150024517,0,0.0,0.0
7565,28633516.469517745,18086283.697905436,3415053.697905436,5010415.1566374665,0,0.0,0.0
7566,33427800.909918103,22391148.394744933,7719918.394744933,8191450.8696487425,0,0.0,0.0
7567,39870806.18744314,28897710.202264592,14226480.202264592,14021982.16994375,0,0.0,0.0
7568,42721613.830755234,31397412.663260512,16726182.663260512,16063765.40923635,0,0.0,0.0
7569,43811198.362147406,32774805.874349277,18103575.874349277,17188834.658956565,0,0.0,0.0
7570,44176268.24385804,33259807.35964889,18588577.35964889,17584988.968986828,0,0.0,0.0
7571,43978264.240218386,32790415.704634313,18119185.704634313,17201584.932375703,0,0.0,0.0
7572,43358376.70609645,31993132.550133556,17321902.550133556,16550355.673201632,0,0.0,0.0
7573,44077828.753412195,32482946.63830991,17811716.63830991,16950440.967836827,0,0.0,0.0
7574,44135204.91355777,32278161.057396475,17606931.057396475,16783169.953273248,0,0.0,0.0
7575,43665507.91628756,31589840.9666628,16918610.9666628,16220942.869667284,0,0.0,0.0
7576,46993887.71610554,34892347.80194216,20221117.801942162,18918465.158474468,0,0.0,0.0
7577,49626440.94631483,37415799.6794832,22744569.679483198,20979647.170781624,0,0.0,0.0
7578,48432229.29936306,35934302.57742642,21263072.57742642,19769544.76890019,0,0.0,0.0
7579,45995992.538671516,38609527.493223086,23938297.493223086,21954696.59382394,0,0.0,0.0
7580,42146164.69517743,29816912.46327536,15145682.463275362,14772796.236552272,0,0.0,0.0
7581,37947017.28844404,26121062.16836778,11449832.16836778,11723066.13768463,0,0.0,0.0
7582,33021667.697907187,21995326.34594147,7324096.345941469,8276222.554160443,0,0.0,0.0
7583,29516096.815286625,18229359.2965177,3558129.2965177,5129947.5819456745,0,0.0,0.0
7584,28109255.86897179,17058239.396013357,2387009.3960133567,4020789.47656177,0,0.0,0.0
7585,28579515.377616018,17202750.248200364,2531520.2482003644,4143380.101571017,0,0.0,0.0
7586,27834750.31847133,16563831.621317279,1892601.6213172786,3601376.2823817874,0,0.0,0.0
7587,27237363.23930846,15603355.390750213,932125.3907502126,2786590.54394207,0,0.0,0.0
7588,27327365.059144672,15360364.941206105,689134.941206105,2580458.266468942,0,0.0,0.0
7589,28899584.349408556,16927193.521811634,2255963.5218116343,3909621.3851683065,0,0.0,0.0
7590,33961061.692447685,21685786.629625015,7014556.629625015,7638204.729866239,0,0.0,0.0
7591,40242063.69426752,27615860.930961058,12944630.930961058,12944630.930961058,0,0.0,0.0
7592,42600111.37397634,30221990.15094608,15550760.15094608,15143243.690379374,0,0.0,0.0
7593,43024244.94995452,35736419.94661062,21065189.946610622,19718625.32794208,0,0.0,0.0
7594,42937618.19836215,35783285.75317553,21112055.753175527,19757510.39108228,0,0.0,0.0
7595,42687300.63694268,31526815.656182542,16855585.656182542,16225871.428532116,0,0.0,0.0
7596,42093288.626023665,30761556.926782273,16090326.926782273,15590928.040326253,0,0.0,0.0
7597,41736656.41492266,30830623.272049442,16159393.272049442,15648233.128906302,0,0.0,0.0
7598,41656779.79981802,31958549.290349156,17287319.290349156,16584085.462490294,0,0.0,0.0
7599,42282854.95905367,33172572.297163423,18501342.297163423,17591373.392300125,0,0.0,0.0
7600,46564691.537761614,38192117.19572402,23520887.195724018,21756143.71467359,0,0.0,0.0
7601,48635858.41674248,39615648.376718044,24944418.376718044,22937262.827140793,0,0.0,0.0
7602,48108222.747952685,37913229.37674942,23241999.37674942,21524747.49545263,0,0.0,0.0
7603,45917803.457688816,35283260.03053525,20612030.03053525,19342633.677722722,0,0.0,0.0
7604,42165290.08189263,31669652.47748537,16998422.47748537,16344384.673522666,0,0.0,0.0
7605,37866015.65059144,27178310.31771285,12507080.31771285,12605790.538098676,0,0.0,0.0
7606,32825351.22838944,22107468.611047506,7436238.611047506,8304122.9142815815,0,0.0,0.0
7607,29066087.71610555,18198135.9029632,3526905.9029631987,4987780.00438736,0,0.0,0.0
7608,27846563.05732484,16608345.416344862,1937115.4163448624,3638539.9464968415,0,0.0,0.0
7609,27923064.604185615,16246422.41943628,1575192.4194362797,3342377.778251052,0,0.0,0.0
7610,27238488.262056407,15515164.96876061,843934.9687606096,2743988.634737475,0,0.0,0.0
7611,26487535.577797994,14568380.80336266,0.0,2053395.297642301,0,0.0,0.0
7612,26305281.89262966,14030083.751847122,0.0,2053395.297642301,0,0.0,0.0
7613,27774561.60145586,15380981.751544926,709751.7515449263,2580272.1023889617,0,0.0,0.0
7614,33367612.19290264,20529078.641793508,5857848.641793508,5859093.015677137,0,0.0,0.0
7615,39319545.04094632,25777478.232790306,11106248.232790306,11106248.232790306,0,0.0,0.0
7616,40783762.14740675,27384082.696511053,12712852.696511053,12424040.357528247,0,0.0,0.0
7617,41178645.13193814,28171521.79516197,13500291.79516197,13050416.605160518,0,0.0,0.0
7618,41187645.31392174,28154376.616454087,13483146.616454087,13036778.302563626,0,0.0,0.0
7619,40467068.24385804,27014708.718153737,12343478.718153737,12130218.159808015,0,0.0,0.0
7620,41376649.1355778,28140058.910370246,13468828.910370246,13025389.141132776,0,0.0,0.0
7621,40935077.70700636,28113452.188729417,13442222.188729417,13004224.560288707,0,0.0,0.0
7622,40838325.75068244,28321212.41976636,13649982.419766359,13169489.498424346,0,0.0,0.0
7623,42191728.11646951,35111451.56057489,20440221.56057489,18570852.62711873,0,0.0,0.0
7624,45877302.638762504,34416646.59219542,19745416.59219542,18018163.11795488,0,0.0,0.0
7625,48400166.151046395,36913764.52018071,22242534.52018071,20004520.36171691,0,0.0,0.0
7626,47287518.65332119,35700369.65334361,21029139.65334361,19039313.36997898,0,0.0,0.0
7627,45544295.90536851,33866721.29752385,19195491.29752385,17580719.58340778,0,0.0,0.0
7628,42337418.56232938,31578444.83667566,16907214.83667566,15760487.3577703,0,0.0,0.0
7629,38133771.06460418,28066914.162851658,13395684.162851658,12967205.425638849,0,0.0,0.0
7630,33664055.68698817,24345547.494755477,9674317.494755477,9969904.803858224,0,0.0,0.0
7631,29815352.866242032,20789411.745914694,6118181.745914694,7059913.222916843,0,0.0,0.0
7632,28936710.100090988,20008185.936928816,5336955.936928816,7437584.130602845,0,0.0,0.0
7633,28734768.51683348,20337085.98434861,5665855.98434861,7707647.898327507,0,0.0,0.0
7634,28180132.302092817,20163216.325207293,5491986.325207293,7564881.439006286,0,0.0,0.0
7635,27477555.595996358,20100370.619198356,5429140.619198356,7513278.0771848485,0,0.0,0.0
7636,27356053.139217466,20544814.94829796,5873584.948297959,7878216.638313421,0,0.0,0.0
7637,29046399.81801638,22565980.37048619,7894750.370486189,9537819.77121984,0,0.0,0.0
7638,33973436.94267515,27608853.3455089,12937623.3455089,13527838.289216438,0,0.0,0.0
7639,39766741.583257504,33070915.245077956,18399685.245077956,18125640.196830474,0,0.0,0.0
7640,41643842.03821656,34829448.553266756,20158218.553266756,19519173.962127995,0,0.0,0.0
7641,43450628.57142857,36199416.05436334,21528186.05436334,20604792.278965347,0,0.0,0.0
7642,43477629.11737943,35733114.060964376,21061884.060964376,20235275.49494931,0,0.0,0.0
7643,43216061.32848044,35004309.705959484,20333079.705959484,19657741.09610349,0,0.0,0.0
7644,43230124.11282984,34974717.09145536,20303487.091455363,19634290.697226807,0,0.0,0.0
7645,42796990.354868084,34099045.6486396,19427815.648639597,18940372.807137273,0,0.0,0.0
7646,42586611.101000905,33899666.86278358,19228436.86278358,18782376.897204496,0,0.0,0.0
7647,43305781.89262967,34259973.99527515,19588743.995275147,19067899.01536197,0,0.0,0.0
7648,47094577.2520473,37453106.499507174,22781876.499507174,21598267.897768494,0,0.0,0.0
7649,49419999.272065505,39703770.67672214,25032540.67672214,23381786.305233248,0,0.0,0.0
7650,48841175.06824385,39646361.66755627,24975131.66755627,23336293.05677877,0,0.0,0.0
7651,46562441.49226569,39265653.25650053,24594423.256500527,23034604.13051932,0,0.0,0.0
7652,43900637.67060965,40019553.77658346,25348323.776583463,23632025.757689394,0,0.0,0.0
7653,40251063.87625113,34464971.14986412,19793741.149864122,19230347.150622983,0,0.0,0.0
7654,35463529.572338484,30333557.39815667,15662327.398156669,15915870.290339246,0,0.0,0.0
7655,31700890.99181073,27183396.171059653,12512166.171059653,13329235.181575922,0,0.0,0.0
7656,31138942.129208367,26979083.467484776,12307853.467484776,13840994.7689332,0,0.0,0.0
7657,30533679.89080983,27107290.793253947,12436060.793253947,13944797.129009984,0,0.0,0.0
7658,29475595.996360324,26505979.392617665,11834749.392617665,13457948.64236811,0,0.0,0.0
7659,28747706.27843494,26060853.560089346,11389623.560089346,13097554.946685145,0,0.0,0.0
7660,28647579.253867153,25926191.970294364,11254961.970294364,12988526.927041573,0,0.0,0.0
7661,30158484.80436761,27270940.735273756,12599710.735273756,14077295.409480082,0,0.0,0.0
7662,35390965.60509554,32119328.340432096,17448098.340432096,18002765.915655166,0,0.0,0.0
7663,41187082.80254777,37361461.51519478,22690231.51519478,22197747.315392826,0,0.0,0.0
7664,43158685.16833484,39060327.21375985,24389097.213759847,23537249.31574657,0,0.0,0.0
7665,43859574.34030937,39965339.721465856,25294109.721465856,24250823.122929387,0,0.0,0.0
7666,43959701.36487716,40077558.002124496,25406328.002124496,24339303.696494117,0,0.0,0.0
7667,44177955.77797997,40172650.0338952,25501420.033895202,24414280.763181698,0,0.0,0.0
7668,43968139.035486795,39440818.93989423,24769588.93989423,23837255.036449242,0,0.0,0.0
7669,43762822.38398543,39187124.46993183,24515894.469931833,23637224.951504707,0,0.0,0.0
7670,43828073.7033667,39294144.15722137,24622914.15722137,23721606.598225024,0,0.0,0.0
7671,44058140.85532301,39574465.245166376,24903235.245166376,23942630.931320228,0,0.0,0.0
7672,46264310.464058235,41203585.84624682,26532355.846246824,25227141.122919217,0,0.0,0.0
7673,47779153.594176516,42485398.05427191,27814168.054271907,26249344.517597307,0,0.0,0.0
7674,46678881.346678786,41169461.08423439,26498231.084234387,26373529.529220644,0,0.0,0.0
7675,44594214.19472247,39128190.06304208,24456960.063042082,24456960.063042082,0,0.0,0.0
7676,41401399.63603277,36113219.649013996,21441989.649013996,21441989.649013996,0,0.0,0.0
7677,37763638.58052775,32457617.330387555,17786387.330387555,18276659.746094994,0,0.0,0.0
7678,34127002.547770694,28384888.96355909,13713658.963559091,14979197.499751862,0,0.0,0.0
7679,31021939.76342129,25156652.161449198,10485422.161449198,12365473.229821624,0,0.0,0.0
7680,31020814.740673345,25431438.981418103,10760208.981418103,11005776.955928262,0,0.0,0.0
7681,30242298.99909007,26961430.187694587,12290200.187694587,12014658.35166841,0,0.0,0.0
7682,28767394.176524114,22828057.66244445,8156827.66244445,9282327.919809313,0,0.0,0.0
7683,27755998.72611465,21425359.13658789,6754129.136587892,8353735.782831856,0,0.0,0.0
7684,27100672.975432217,20500353.726617243,5829123.726617243,7741378.434102314,0,0.0,0.0
7685,27685684.8043676,20755388.598900445,6084158.598900445,7910212.5582507085,0,0.0,0.0
7686,29329905.55050045,21865606.827095672,7194376.8270956725,8645181.546973059,0,0.0,0.0
7687,32240339.399454053,24661398.48186639,9990168.48186639,10496007.009031598,0,0.0,0.0
7688,35621032.75705187,27991729.194980487,13320499.194980487,12691600.961094704,0,0.0,0.0
7689,37969517.743403085,30429577.497967437,15758347.497967437,14293352.860241687,0,0.0,0.0
7690,39119853.5031847,31394290.43039423,16723060.430394229,14927203.116532452,0,0.0,0.0
7691,39310544.858962685,31426587.239899855,16755357.239899855,14948423.253937488,0,0.0,0.0
7692,38478590.536851674,30049535.844548803,15378305.844548803,14043652.15516812,0,0.0,0.0
7693,37555509.37215651,28848605.193208728,14177375.193208728,13254598.566734856,0,0.0,0.0
7694,36751680.61874432,27239442.073088698,12568212.073088698,12197321.91808879,0,0.0,0.0
7695,36931121.74704276,26430511.302659787,11759281.302659787,11665826.009903936,0,0.0,0.0
7696,40629071.51956324,29167049.877971664,14495819.877971664,13463827.901458977,0,0.0,0.0
7697,43473691.53776161,31409946.630634718,16738716.630634718,14937489.78959488,0,0.0,0.0
7698,42643987.26114649,30252053.872822315,15580823.872822315,14806555.649177447,0,0.0,0.0
7699,40050809.82711556,27793779.209156074,13122549.209156074,13122549.209156074,0,0.0,0.0
7700,37621323.20291173,25087859.754400443,10416629.754400443,10778326.10832537,0,0.0,0.0
7701,34877392.72065514,22422798.123910207,7751568.123910207,9014044.454773083,0,0.0,0.0
7702,32001834.576888077,19629907.22454219,4958677.224542189,7165139.304605227,0,0.0,0.0
7703,29206715.55959963,22375609.353265084,7704379.353265084,8982805.296417272,0,0.0,0.0
7704,28870333.757961787,18473994.563265163,3802764.5632651635,5385516.711569675,0,0.0,0.0
7705,29159464.604185622,20309717.233785596,5638487.233785596,6820449.451605217,0,0.0,0.0
7706,27996753.594176527,19678416.399622098,5007186.399622098,6326979.359253994,0,0.0,0.0
7707,26850917.925386712,18636654.224258207,3965424.224258207,5512663.190060257,0,0.0,0.0
7708,26334532.48407643,17873889.19274971,3202659.192749709,4916431.235069211,0,0.0,0.0
7709,26667539.21747042,17396008.888977755,2724778.888977755,4044887.347097096,0,0.0,0.0
7710,28395574.158325754,22976853.74706696,8305623.74706696,8305623.74706696,0,0.0,0.0
7711,29718600.909918096,20853830.732911035,6182600.732911035,6182600.732911035,0,0.0,0.0
7712,32665035.486806184,23973679.497019492,9302449.497019492,9302449.497019492,0,0.0,0.0
7713,35963039.67242948,27097660.85582806,12426430.855828062,12092430.28646146,0,0.0,0.0
7714,37819327.20655141,29176110.805032454,14504880.805032454,13665884.449669002,0,0.0,0.0
7715,38465090.26387625,30350129.460062504,15678899.460062504,14554654.728283344,0,0.0,0.0
7716,38772783.985441305,30040326.00584562,15369096.005845621,14320123.444525352,0,0.0,0.0
7717,38382963.6032757,29306445.717528794,14635215.717528794,13764552.214441089,0,0.0,0.0
7718,38274398.90809827,28712109.624491323,14040879.624491323,13314620.47550637,0,0.0,0.0
7719,39101290.6278435,28734147.678404044,14062917.678404044,13331303.998576649,0,0.0,0.0
7720,43367376.888080075,32606363.67773938,17935133.67773938,16262697.360887466,0,0.0,0.0
7721,45601109.55414012,34427153.915936515,19755923.915936515,17641094.748669457,0,0.0,0.0
7722,44272457.688808,33648044.96597636,18976814.965976357,17051283.95174536,0,0.0,0.0
7723,41947035.668789804,31706853.258909345,17035623.258909345,15581738.738863187,0,0.0,0.0
7724,39766741.583257504,29483258.17562876,14812028.175628759,13898404.991800891,0,0.0,0.0
7725,36470424.93175614,25801056.174257524,11129826.174257524,11111941.750874763,0,0.0,0.0
7726,32611034.394904457,21938799.225724477,7267569.225724477,8093856.989669061,0,0.0,0.0
7727,29563910.28207461,19270710.350044794,4599480.350044794,6008287.016317916,0,0.0,0.0
7728,29721975.978161965,18574533.40774142,3903303.40774142,5605780.629504049,0,0.0,0.0
7729,29301779.981801655,18202476.110477634,3531246.110477634,5288812.931029016,0,0.0,0.0
7730,28369136.123748858,17444526.555586442,2773296.5555864424,4643091.081892159,0,0.0,0.0
7731,27770061.51046406,16853777.733657494,2182547.733657494,4139812.9689758634,0,0.0,0.0
7732,27972003.09372156,17581446.57966129,2910216.579661291,4759737.698489442,0,0.0,0.0
7733,29873854.049135577,19579871.4360109,4908641.436010901,6462260.7559617665,0,0.0,0.0
7734,35432591.44676978,25027486.890422307,10356256.890422307,11103261.336949052,0,0.0,0.0
7735,42496046.76979072,31762839.427939005,17091609.427939005,16809072.534569465,0,0.0,0.0
7736,45116224.74977251,33251275.956497025,18580045.956497025,18048737.444651023,0,0.0,0.0
7737,46831884.44040036,35397161.747819886,20725931.747819886,19835968.04905088,0,0.0,0.0
7738,47952407.09736124,37178711.22845974,22507481.22845974,21319756.12758106,0,0.0,0.0
7739,48066034.394904435,41241927.00262499,26570697.00262499,24703861.476166107,0,0.0,0.0
7740,48149848.58962692,35693244.510703005,21022014.510703005,20082564.665422406,0,0.0,0.0
7741,47797716.46951774,35382463.0976807,20711233.097680703,19823726.075373452,0,0.0,0.0
7742,47671713.92174705,35292782.56915297,20621552.569152974,19749034.409185234,0,0.0,0.0
7743,47186829.117379434,34544379.03812715,19873149.038127147,19125716.19695844,0,0.0,0.0
7744,49984198.18016378,36800663.88299588,22129433.88299588,21004894.177118838,0,0.0,0.0
7745,51493978.70791629,38678068.33736453,24006838.337364532,22568516.393758688,0,0.0,0.0
7746,51158721.92902639,38308066.09017354,23636836.090173542,22260354.914452378,0,0.0,0.0
7747,49173619.290263884,36224414.88499164,21553184.88499164,20524957.24424364,0,0.0,0.0
7748,46815571.610555045,33630464.02989489,18959234.02989489,18457990.6517681,0,0.0,0.0
7749,43029307.552320294,29571569.97246237,14900339.972462371,14974513.337074129,0,0.0,0.0
7750,38262586.16924477,24997342.81837732,10326112.81837732,11077580.62269071,0,0.0,0.0
7751,32971041.674249317,19862321.496829182,5191091.496829182,6702889.138660111,0,0.0,0.0
7752,31129941.947224747,18409052.017825324,3737822.017825324,5530904.670059898,0,0.0,0.0
7753,31038252.593266603,18654359.066711754,3983129.0667117536,5738681.617459907,0,0.0,0.0
7754,29891291.901728835,17006677.761463925,2335447.7614639252,4343082.944504719,0,0.0,0.0
7755,29326530.48225659,16515232.375586953,1844002.375586953,3926824.942319826,0,0.0,0.0
7756,29970043.494085528,17268387.63018407,2597157.6301840693,4564753.205811817,0,0.0,0.0
7757,30717058.598726112,18018489.563630357,3347259.5636303574,5170962.982528986,0,0.0,0.0
7758,36310671.701546855,23209464.868169412,8538234.868169412,8545091.61013051,0,0.0,0.0
7759,43062495.72338489,29366569.723243646,14695339.723243646,14695339.723243646,0,0.0,0.0
7760,46279498.271155596,32408833.689462975,17737603.689462975,17341318.568881802,0,0.0,0.0
7761,47949032.029117376,34195990.29290698,19524760.292906977,18817845.288057745,0,0.0,0.0
7762,48937927.02456779,34803155.82391511,20131925.82391511,19319477.952911265,0,0.0,0.0
7763,49198369.79071884,34958673.167220145,20287443.167220145,19447964.46172792,0,0.0,0.0
7764,49611815.65059145,35171621.384000115,20500391.384000115,19623899.649092346,0,0.0,0.0
7765,48417041.492265694,33745921.56972715,19074691.569727153,18446004.066107873,0,0.0,0.0
7766,48400728.66242037,33725468.15976352,19054238.159763522,18429105.711340662,0,0.0,0.0
7767,49260246.04185623,34863648.53334594,20192418.533345938,19369456.282520328,0,0.0,0.0
7768,51869736.305732474,43310546.6768388,28639316.6768388,26348179.232143342,0,0.0,0.0
7769,52826568.15286623,38186045.12897145,23514815.12897145,22114379.327141486,0,0.0,0.0
7770,52850193.63057326,38729519.27569322,24058289.275693223,22563390.956715327,0,0.0,0.0
7771,50948905.18653321,37801992.851608485,23130762.851608485,21797080.077599496,0,0.0,0.0
7772,48160536.30573247,36189366.789911345,21518136.789911345,20464748.337030835,0,0.0,0.0
7773,44120579.6178344,32963793.960196186,18292563.960196186,17799819.892291084,0,0.0,0.0
7774,39029289.171974525,28778649.45175609,14107419.45175609,14314033.040686533,0,0.0,0.0
7775,34973019.654231116,24701217.01385999,10029987.013859991,10860416.566876784,0,0.0,0.0
7776,34643950.50045497,23492463.413067687,8821233.413067687,10533865.409348188,0,0.0,0.0
7777,33712431.665150136,22121955.755044397,7450725.755044397,9360523.330212023,0,0.0,0.0
7778,32343278.980891727,19969003.588840738,5297773.588840738,7517301.691729802,0,0.0,0.0
7779,32562095.905368514,20028122.133557893,5356892.133557893,7567915.2550819265,0,0.0,0.0
7780,33180858.41674249,20626685.964554653,5955455.964554653,8080367.794727287,0,0.0,0.0
7781,35187898.99909008,22781033.561443478,8109803.561443478,9924784.112810044,0,0.0,0.0
7782,40078372.8844404,27524140.929629926,12852910.929629926,13597682.110282224,0,0.0,0.0
7783,46848197.27024568,34352808.12071893,19681578.120718934,19681578.120718934,0,0.0,0.0
7784,49167994.1765241,36830325.85117997,22159095.851179972,21926065.055155817,0,0.0,0.0
7785,50159701.728844404,38446080.82045054,23774850.820450537,23279152.783720274,0,0.0,0.0
7786,50896029.11737944,39994045.03259821,25322815.032598212,24575470.24493753,0,0.0,0.0
7787,51367413.64877161,41004542.59013739,26333312.590137392,25421694.994887028,0,0.0,0.0
7788,51366288.62602366,41157490.684869796,26486260.684869796,25549778.890047923,0,0.0,0.0
7789,50807714.831665166,41064451.598539144,26393221.598539144,25471864.81991654,0,0.0,0.0
7790,50508458.78070973,41137939.73798446,26466709.737984464,25533406.26745632,0,0.0,0.0
7791,50694650.045495905,41151811.8978872,26480581.8978872,25545023.28222035,0,0.0,0.0
7792,51469228.207461335,42310098.24356996,27638868.243569963,26515011.34991274,0,0.0,0.0
7793,51767359.23566878,42966410.10220642,28295180.102206416,27064629.044997558,0,0.0,0.0
7794,53683835.48680618,45231327.644622795,30560097.644622795,28961347.415752433,0,0.0,0.0
7795,52550937.57961783,44442929.495660245,29771699.495660245,28301116.204416133,0,0.0,0.0
7796,50344205.45950864,42687478.179131016,28016248.179131016,26831042.0411534,0,0.0,0.0
7797,45954929.208371244,41864071.63019712,27192841.630197123,26141493.614460293,0,0.0,0.0
7798,41319272.9754322,35076930.084248,20405700.084248,20451753.95967644,0,0.0,0.0
7799,37966705.186533205,32550865.527714625,17879635.527714625,18289097.06283721,0,0.0,0.0
7800,37466632.575068235,32309628.3897629,17638398.3897629,19166146.15126283,0,0.0,0.0
7801,35956852.04731575,30818146.86826337,16146916.868263371,17925549.96766582,0,0.0,0.0
7802,34335694.26751592,29665874.23237471,14994644.23237471,16967103.608163156,0,0.0,0.0
7803,33730432.029117376,29120758.01032206,14449528.01032206,16513682.566771094,0,0.0,0.0
7804,35477592.35668789,30958730.130395003,16287500.130395003,18042485.414712306,0,0.0,0.0
7805,37251753.230209276,32376131.762907486,17704901.762907486,19221462.84793672,0,0.0,0.0
7806,42353168.88080073,36952795.55626513,22281565.55626513,23028276.109650917,0,0.0,0.0
7807,49101055.32302092,43627378.50090908,28956148.500909083,28537806.53708843,0,0.0,0.0
7808,51158159.41765242,45971795.89292946,31300565.892929457,30443489.35010396,0,0.0,0.0
7809,52023301.91082802,47176436.039434485,32505206.039434485,31422692.981196616,0,0.0,0.0
7810,51742046.22383985,47091672.46509441,32420442.46509441,31353792.073303923,0,0.0,0.0
7811,51614356.141947225,47057963.44850801,32386733.44850801,31326391.366513826,0,0.0,0.0
7812,51539542.12920836,47379251.47407565,32708021.474075653,31587553.508731283,0,0.0,0.0
7813,51150284.25841674,47076698.89138871,32405468.891388707,31341620.656150345,0,0.0,0.0
7814,50695212.55686987,46704199.94276509,32032969.942765087,31038831.209751196,0,0.0,0.0
7815,50225515.55959964,46083376.140733935,31412146.140733935,30534188.45566287,0,0.0,0.0
7816,52288244.767970875,48063185.22037588,33391955.22037588,32143495.803819988,0,0.0,0.0
7817,51990676.2511374,47678955.58050504,33007725.580505043,31831170.94927607,0,0.0,0.0
7818,51388789.080982715,47087244.15512341,32416014.155123413,31565597.73382144,0,0.0,0.0
7819,51478228.38944495,46888025.93523984,32216795.935239837,32216795.935239837,0,0.0,0.0
7820,48648796.17834395,44185373.23144552,29514143.23144552,29514143.23144552,0,0.0,0.0
7821,44514337.579617836,40105108.1029965,25433878.1029965,25650331.333672762,0,0.0,0.0
7822,40167249.68152866,35909953.73760027,21238723.737600267,22160852.972534034,0,0.0,0.0
7823,38014518.653321184,33813053.78620587,19141823.786205873,20416677.104723617,0,0.0,0.0
7824,36117167.788899004,31985914.525259234,17314684.525259234,18782328.37116069,0,0.0,0.0
7825,35473654.77707006,31633463.96698627,16962233.96698627,18494345.516280524,0,0.0,0.0
7826,33718619.290263884,31440089.815785103,16768859.815785103,18336341.964248102,0,0.0,0.0
7827,33651117.925386705,30166610.547386933,15495380.547386933,17295798.300078392,0,0.0,0.0
7828,34646763.057324834,31173899.975906007,16502669.975906007,18118841.641921736,0,0.0,0.0
7829,36959247.31574158,33417950.052026883,18746720.052026883,19952426.331309114,0,0.0,0.0
7830,41374961.60145586,37691186.07189838,23019956.07189838,23444032.968590297,0,0.0,0.0
7831,47196391.810737036,43458841.488278836,28787611.488278836,28089497.42308885,0,0.0,0.0
7832,49188244.585987255,45147532.27002652,30476302.27002652,29436395.751842916,0,0.0,0.0
7833,50056199.63603276,45890142.193286926,31218912.193286926,30028700.793930292,0,0.0,0.0
7834,49897571.42857141,45748576.61505646,31077346.615056463,29915788.20934785,0,0.0,0.0
7835,49638253.685168326,45668744.07365221,30997514.073652208,29852113.84234128,0,0.0,0.0
7836,49543189.26296633,45761059.95575302,31089829.95575302,29925744.911251586,0,0.0,0.0
7837,49059429.48134668,45255135.39847176,30583905.398471758,29522219.915412776,0,0.0,0.0
7838,48800674.24931756,45057472.57001664,30386242.570016637,29364564.211846083,0,0.0,0.0
7839,49283309.00818926,45032241.43532671,30361011.43532671,29344439.880314376,0,0.0,0.0
7840,50669899.54504094,45626372.619985014,30955142.619985014,29818318.4069969,0,0.0,0.0
7841,51641356.68789809,46049501.244386435,31378271.244386435,30155805.437313054,0,0.0,0.0
7842,51298224.749772504,45415256.329415075,30744026.329415075,30575481.48750176,0,0.0,0.0
7843,48937927.02456779,43151270.9246362,28480040.9246362,28480040.9246362,0,0.0,0.0
7844,45500420.01819837,39855414.50387893,25184184.50387893,25212396.410851814,0,0.0,0.0
7845,41612903.912647866,36444180.506638296,21772950.506638296,22425120.629524212,0,0.0,0.0
7846,37287191.4467698,32150750.875466403,17479520.875466403,18917014.050063558,0,0.0,0.0
7847,33671930.84622383,28839287.028678264,14168057.028678264,16211259.185882231,0,0.0,0.0
7848,32928290.809827108,28243160.275876187,13571930.275876187,14657473.984129986,0,0.0,0.0
7849,32517657.506824385,27570127.872758925,12898897.872758925,14119191.492984436,0,0.0,0.0
7850,31978771.61055505,26913674.017112784,12242444.017112784,13594168.306726718,0,0.0,0.0
7851,31018002.18380345,25469561.357529387,10798331.357529387,12439185.93694036,0,0.0,0.0
7852,30220361.055505008,23899095.968363013,9227865.968363013,11183148.31078305,0,0.0,0.0
7853,30348613.648771603,23785083.332634233,9113853.332634233,11091962.49967216,0,0.0,0.0
7854,32433843.312101908,25329842.591135047,10658612.591135047,11040415.022512902,0,0.0,0.0
7855,35032083.34849863,30702356.52388595,16031126.52388595,16031126.52388595,0,0.0,0.0
7856,39030414.194722466,31614209.9489133,16942979.9489133,16942979.9489133,0,0.0,0.0
7857,41945348.13466787,35009100.72210083,20337870.72210083,20048364.75633297,0,0.0,0.0
7858,42681113.01182894,36652755.8461712,21981525.8461712,21338018.88281238,0,0.0,0.0
7859,42661987.62511373,37621775.67460304,22950545.674603038,22098336.78775264,0,0.0,0.0
7860,42881929.572338484,38181701.61156149,23510471.611561492,22537669.09326274,0,0.0,0.0
7861,42937055.68698816,38620213.98029591,23948983.98029591,22881737.187334757,0,0.0,0.0
7862,42578735.941765234,38660000.28173137,23988770.281731367,22912954.543744974,0,0.0,0.0
7863,42898242.40218381,38851599.14509571,24180369.145095713,23063287.94468049,0,0.0,0.0
7864,45563421.2920837,41349214.4621328,26677984.462132797,25022981.22388762,0,0.0,0.0
7865,47602525.02274794,43513021.54749127,28841791.547491267,26720759.97057953,0,0.0,0.0
7866,46538816.01455869,42206025.14109971,27534795.141099706,25695256.94131726,0,0.0,0.0
7867,43838761.41947225,39311698.43618472,24640468.43618472,23424293.693790298,0,0.0,0.0
7868,41297897.5432211,37321331.746750355,22650101.746750355,21862600.74698797,0,0.0,0.0
7869,38323337.397634216,34302260.02471725,19631030.02471725,19493759.347452015,0,0.0,0.0
7870,35141210.55505004,31034962.98364373,16363732.98364373,16890321.18340844,0,0.0,0.0
7871,32132899.727024563,28294785.417647827,13623555.417647827,14698763.095604967,0,0.0,0.0
7872,31581638.580527753,27797374.74814787,13126144.748147871,14026105.136493701,0,0.0,0.0
7873,30997189.26296634,28539136.19474755,13867906.194747549,14606823.278554598,0,0.0,0.0
7874,30300237.67060964,26042240.53695701,11371010.53695701,12652026.876073746,0,0.0,0.0
7875,29620723.930846218,24952709.702807844,10281479.702807844,11799043.31292742,0,0.0,0.0
7876,29295592.356687892,24164383.93562839,9493153.935628392,11181870.397088017,0,0.0,0.0
7877,29277029.481346678,24063261.684413053,9392031.684413053,11102702.726516861,0,0.0,0.0
7878,30908312.465878062,25638748.66433581,10967518.66433581,12336136.83935186,0,0.0,0.0
7879,32055273.15741583,26253361.038266703,11582131.038266703,12817311.154238317,0,0.0,0.0
7880,34396445.495905355,28019183.865212042,13347953.865212042,14199757.432584513,0,0.0,0.0
7881,38211960.145586886,31649532.81942159,16978302.81942159,17041923.885674745,0,0.0,0.0
7882,40552007.461328484,34040609.10552332,19369379.105523318,18885944.56572767,0,0.0,0.0
7883,41561715.377616,35281474.1198692,20610244.119869202,19840887.592393793,0,0.0,0.0
7884,42303105.368516825,38285974.43351113,23614744.43351113,22153086.413343694,0,0.0,0.0
7885,42199040.76433119,35476536.410156414,20805306.410156414,19991003.335622713,0,0.0,0.0
7886,42227728.844404,35362482.182493344,20691252.182493344,19903229.65507773,0,0.0,0.0
7887,43627819.65423112,36936818.696847394,22265588.696847394,21114805.17588549,0,0.0,0.0
7888,47261643.13011829,40420511.26977218,25749281.26977218,23795780.05317037,0,0.0,0.0
7889,48779861.32848042,41435904.31954653,26764674.31954653,24577204.705325957,0,0.0,0.0
7890,47733590.17288444,40266125.729953565,25594895.729953565,23676968.262231458,0,0.0,0.0
7891,44873219.836214736,37871401.76041217,23200171.76041217,21834040.20070558,0,0.0,0.0
7892,42238416.56050954,35342917.721158095,20671687.721158095,20606412.062471095,0,0.0,0.0
7893,38942099.90900819,31674993.962294295,17003763.962294295,17061857.17777501,0,0.0,0.0
7894,35351589.808917195,28037861.89410822,13366631.894108221,14214380.287799852,0,0.0,0.0
7895,31907895.177434027,24974751.91368399,10303521.913683988,11816299.954945669,0,0.0,0.0
7896,32166087.898089167,25644839.63600206,10973609.63600206,12915647.378681162,0,0.0,0.0
7897,32711723.930846225,26434659.78011779,11763429.780117791,13603397.026002666,0,0.0,0.0
7898,31799330.4822566,25983409.837627467,11312179.837627467,13210463.278853143,0,0.0,0.0
7899,31235694.085532296,25386808.918525323,10715578.918525323,12690962.637142424,0,0.0,0.0
7900,31142317.197452225,26094231.07163083,11423001.071630832,13306962.798610114,0,0.0,0.0
7901,32374217.106460415,27869813.897902817,13198583.897902817,14853082.471115861,0,0.0,0.0
7902,38820034.940855324,34600895.919051945,19929665.919051945,20091601.320018806,0,0.0,0.0
7903,46984325.02274794,43067933.61608164,28396703.61608164,28040170.3245769,0,0.0,0.0
7904,49653441.492265694,45557805.41649094,30886575.416490942,30159515.557116464,0,0.0,0.0
7905,50529271.70154683,46596997.28794954,31925767.28794954,31044061.636198755,0,0.0,0.0
7906,50652461.69244766,47014533.49886871,32343303.49886871,31399462.817046188,0,0.0,0.0
7907,50589460.418562315,47710943.2530021,33039713.2530021,31992237.389646284,0,0.0,0.0
7908,50219327.93448589,47567853.344907716,32896623.344907716,31870441.193354376,0,0.0,0.0
7909,49776068.97179254,47449938.29453103,32778708.294531032,31770073.495780785,0,0.0,0.0
7910,49503813.46678799,47232348.91555174,32561118.915551737,31584864.356533054,0,0.0,0.0
7911,49516751.22838945,47393702.91569884,32722472.91569884,31722206.70118981,0,0.0,0.0
7912,51291474.61328481,48733817.36421781,34062587.36421781,32862894.011700816,0,0.0,0.0
7913,51863548.68061874,49902293.80625852,35231063.80625852,33857485.37032686,0,0.0,0.0
7914,51383726.478616916,48459500.90315904,33788270.90315904,32629399.54670206,0,0.0,0.0
7915,50486520.83712466,48006959.65750236,33335729.65750236,32244202.553285647,0,0.0,0.0
7916,48254475.70518652,45924039.676985756,31252809.676985756,30471249.21097154,0,0.0,0.0
7917,44730341.94722474,42026162.77246715,27354932.77246715,27153429.0592434,0,0.0,0.0
7918,39849430.755232014,36439585.20407924,21768355.20407924,22315360.101483647,0,0.0,0.0
7919,34872892.629663326,31348943.932459142,16677713.932459142,17882595.547071442,0,0.0,0.0
7920,34305318.6533212,29919865.001768865,15248635.001768865,16084068.309378712,0,0.0,0.0
7921,33999312.46587807,29780798.979881424,15109568.979881424,15987014.315401016,0,0.0,0.0
7922,33208983.9854413,28744172.190812357,14072942.190812357,15263553.84117492,0,0.0,0.0
7923,32492907.00636942,27234512.65698304,12563282.65698304,14209964.435825929,0,0.0,0.0
7924,31748141.947224744,25936896.05155802,11265666.051558021,13304359.51163957,0,0.0,0.0
7925,34083689.17197452,27254029.510161825,12582799.510161825,14223585.222019201,0,0.0,0.0
7926,39536674.43130118,31433180.964134715,16761950.964134715,17140209.53139973,0,0.0,0.0
7927,45746799.99999999,35802910.26371083,21131680.263710827,20139762.020071693,0,0.0,0.0
7928,47504085.53230209,36525201.440528,21853971.440527998,20632229.820566367,0,0.0,0.0
7929,48517168.51683348,36868676.170080125,22197446.170080125,20866415.492518492,0,0.0,0.0
7930,48689296.99727024,35911356.65690012,21240126.656900123,20213702.223745327,0,0.0,0.0
7931,48464292.4476797,35496272.015020326,20825042.015020326,19930691.95424926,0,0.0,0.0
7932,48671859.144676976,35121973.01786069,20450743.01786069,19675489.88370642,0,0.0,0.0
7933,49125243.312101915,34832937.51549137,20161707.515491366,19478421.606140126,0,0.0,0.0
7934,49942009.82711554,34898406.54134856,20227176.54134856,19523059.26502237,0,0.0,0.0
7935,50733463.33030027,34972039.28919467,20300809.289194673,19573263.058921594,0,0.0,0.0
7936,52516624.385805264,36717866.51324923,22046636.513249233,20763591.448176533,0,0.0,0.0
7937,52143116.833484985,36473887.415384784,21802657.415384784,21081573.74209498,0,0.0,0.0
7938,52000238.94449499,36810425.39676871,22139195.39676871,22139195.39676871,0,0.0,0.0
7939,49371060.78252957,35207978.82466312,20536748.824663118,20536748.824663118,0,0.0,0.0
7940,45910490.80982713,33369016.919007357,18697786.919007357,18697786.919007357,0,0.0,0.0
7941,41530777.25204732,29677053.590023875,15005823.590023875,15914610.544114616,0,0.0,0.0
7942,36768555.95996359,30052651.816893905,15381421.816893905,16176740.053206217,0,0.0,0.0
7943,32586283.89444949,21223314.967400122,6552084.967400122,10014757.465458188,0,0.0,0.0
7944,31598513.921747044,20552676.83815742,5881446.838157419,6890267.484924865,0,0.0,0.0
7945,31322320.837124657,19885940.47651124,5214710.47651124,6366336.141230567,0,0.0,0.0
7946,31013502.092811644,19136935.10375228,4465705.1037522815,5777756.585714889,0,0.0,0.0
7947,30800310.282074615,17883897.79551486,3212667.7955148593,4793101.243109907,0,0.0,0.0
7948,30288424.931756143,16990961.458548196,2319731.4585481957,4091418.596455822,0,0.0,0.0
7949,31209818.562329393,17609389.688843954,2938159.6888439544,4577388.692458008,0,0.0,0.0
7950,35610345.04094631,21297018.52927685,6625788.529276852,6769850.95824958,0,0.0,0.0
7951,41538652.41128299,26480641.50607243,11809411.506072432,11530431.460857011,0,0.0,0.0
7952,43319563.42129208,27656041.007321242,12984811.007321242,12436617.018966261,0,0.0,0.0
7953,44200456.23293903,28378489.405297875,13707259.405297875,12993595.564584186,0,0.0,0.0
7954,44177393.266606,34860754.00539615,20189524.00539615,17991159.84652482,0,0.0,0.0
7955,44583526.47861692,28378788.16706765,13707558.16706765,12993825.89784602,0,0.0,0.0
7956,44661715.55959964,28286277.364137247,13615047.364137247,12922503.803957464,0,0.0,0.0
7957,44305645.85987261,28587597.438740283,13916367.438740283,13154809.415524907,0,0.0,0.0
7958,44084578.88989991,28866389.44897443,14195159.44897443,13369746.799046025,0,0.0,0.0
7959,44808531.028207466,29925821.134112857,15254591.134112857,14186525.853193814,0,0.0,0.0
7960,47485522.656960875,33231203.743819892,18559973.743819892,16734842.388771389,0,0.0,0.0
7961,48571732.12010919,33353252.222856674,18682022.222856674,16828936.838339236,0,0.0,0.0
7962,47616587.80709737,30988891.87890102,16317661.87890102,15006110.475402663,0,0.0,0.0
7963,45297353.41219289,28614389.27055636,13943159.27055636,13175464.836121256,0,0.0,0.0
7964,42331793.44858962,26208772.674229912,11537542.674229912,11320831.568349002,0,0.0,0.0
7965,38007206.0054595,22134026.261833362,7462796.261833362,8132915.368041841,0,0.0,0.0
7966,33563928.662420385,18139979.767213263,3468749.7672132626,4994334.263004853,0,0.0,0.0
7967,29872166.515013646,15104291.410349693,433061.41034969315,2608845.2281459775,0,0.0,0.0
7968,29797915.013648774,15653943.022660524,982713.0226605237,2676150.0520234853,0,0.0,0.0
7969,29919979.981801633,15912346.3365997,1241116.3365997002,2883655.796320785,0,0.0,0.0
7970,29312467.697907183,15625139.833422732,953909.8334227316,2653020.2123561385,0,0.0,0.0
7971,28783707.00636942,21115796.651124984,6444566.651124984,7062185.142441083,0,0.0,0.0
7972,28459700.45495905,14237715.916252032,0.0,1887001.514842497,0,0.0,0.0
7973,28830957.961783435,14437677.826805409,0.0,1854010.6321319637,0,0.0,0.0
7974,34114627.29754323,20082455.77673839,5411225.77673839,5420708.350633979,0,0.0,0.0
7975,41083018.19836214,27061256.127774574,12390026.127774574,11768047.21156714,0,0.0,0.0
7976,42664237.67060964,28415980.795102805,13744750.795102805,12822924.727251751,0,0.0,0.0
7977,43358939.21747042,28580330.385610253,13909100.385610253,12950898.10215175,0,0.0,0.0
7978,43309438.2165605,28327391.449804455,13656161.449804455,12753943.250248924,0,0.0,0.0
7979,43594068.97179254,28715215.195451505,14043985.195451505,13055928.265505575,0,0.0,0.0
7980,43698696.08735214,28611417.54286121,13940187.542861208,12975104.6025584,0,0.0,0.0
7981,42659175.06824386,27976641.188870847,13305411.188870847,12480826.082751658,0,0.0,0.0
7982,42324480.80072793,27017335.538835675,12346105.538835675,11733847.759187901,0,0.0,0.0
7983,43490004.36760691,27729755.89758456,13058525.897584561,12288584.995679133,0,0.0,0.0
7984,46754257.87079162,31110714.705053955,16439484.705053955,14921221.363398867,0,0.0,0.0
7985,48090784.89535942,32263837.3956348,17592607.3956348,15819118.35195702,0,0.0,0.0
7986,46834696.99727025,30805057.813223854,16133827.813223854,14683216.851868467,0,0.0,0.0
7987,44918220.746132836,28903426.959775984,14232196.959775984,13202482.294646254,0,0.0,0.0
7988,42166977.61601457,26232109.980063636,11560879.980063636,11122419.61687534,0,0.0,0.0
7989,38087082.620564155,22461523.005705204,7790293.005705204,8142844.459733697,0,0.0,0.0
7990,33573491.35577798,18170526.97406166,3499296.9740616605,4697043.739343027,0,0.0,0.0
7991,29799602.547770698,14713492.27324139,42262.27324138954,1920939.4095659158,0,0.0,0.0
7992,29681475.15923566,14735379.098949626,64149.09894962609,2036145.5524349948,0,0.0,0.0
7993,29743351.410373073,14983634.238039337,312404.2380393371,2237945.7522201855,0,0.0,0.0
7994,28357885.896269333,13840817.677547544,0.0,1984000.4043766637,0,0.0,0.0
7995,27734060.78252957,13442663.54375561,0.0,1984000.4043766637,0,0.0,0.0
7996,27965252.95723385,14303609.758455276,0.0,1984000.4043766637,0,0.0,0.0
7997,29239341.219290257,16022460.66402119,1351230.6640211903,1847403.62759055,0,0.0,0.0
7998,33761932.666060045,20291352.90627133,5620122.906271331,5620122.906271331,0,0.0,0.0
7999,40566070.24567788,26724865.98381849,12053635.98381849,11741791.451384436,0,0.0,0.0
8000,42677175.4322111,34471747.877036706,19800517.877036706,17824434.023687474,0,0.0,0.0
8001,43766759.96360328,29107909.040113386,14436679.040113386,13612892.540267685,0,0.0,0.0
8002,43675633.12101912,28784150.133412965,14112920.133412965,13358685.785059212,0,0.0,0.0
8003,43496754.50409462,28437215.188027352,13765985.188027352,13086281.829802118,0,0.0,0.0
8004,43118746.860782534,28094356.907928556,13423126.907928556,12817078.76209804,0,0.0,0.0
8005,42344168.698817104,27515006.5221799,12843776.522179902,12362188.476017922,0,0.0,0.0
8006,42087101.00090991,27393667.741376176,12722437.741376176,12266916.54029444,0,0.0,0.0
8007,42778989.990900815,28451904.176510997,13780674.176510997,13097815.227100063,0,0.0,0.0
8008,46614192.538671516,31918662.65679757,17247432.65679757,15819820.417155147,0,0.0,0.0
8009,48167286.4422202,33917967.46135816,19246737.46135816,17389620.587966613,0,0.0,0.0
8010,47253767.97088262,32593576.723442934,17922346.723442934,16349744.726188058,0,0.0,0.0
8011,45723174.52229298,30715900.08499467,16044670.08499467,14875443.708633803,0,0.0,0.0
8012,42942680.80072793,28866584.1168243,14195354.1168243,13423410.723920258,0,0.0,0.0
8013,39435984.89535941,26225269.32439583,11554039.324395832,11349521.638642762,0,0.0,0.0
8014,36029416.01455869,23592111.330853432,8920881.330853432,9235554.758607602,0,0.0,0.0
8015,32504719.745222934,21471172.90232794,6799942.90232794,7511498.611460265,0,0.0,0.0
8016,31072003.27570519,20460302.426716518,5789072.426716518,7546084.210523204,0,0.0,0.0
8017,29994231.4831665,20051002.849394448,5379772.849394448,7222116.204781027,0,0.0,0.0
8018,28745456.23293903,20477750.67506989,5806520.675069891,7559894.814139555,0,0.0,0.0
8019,28380386.35122839,21471456.89368678,6800226.893686779,8346431.228482326,0,0.0,0.0
8020,28111505.914467696,20903681.79019453,6232451.79019453,7897026.98235064,0,0.0,0.0
8021,28424824.749772523,21491660.25936181,6820430.259361811,8362422.557205024,0,0.0,0.0
8022,30488116.469517738,22722041.546465304,8050811.546465304,9336291.561647601,0,0.0,0.0
8023,34650138.125568695,25809559.383561417,11138329.383561417,11780117.677769728,0,0.0,0.0
8024,38488715.741583265,29067854.525155872,14396624.525155872,14354289.603587652,0,0.0,0.0
8025,41435712.829845324,31365776.17152459,16694546.171524592,16111864.339836182,0,0.0,0.0
8026,42642299.727024555,32852412.722262498,18181182.722262498,17248924.364354245,0,0.0,0.0
8027,42535422.56596906,32657072.594209354,17985842.594209354,17099517.67131738,0,0.0,0.0
8028,42346418.744313,32506899.629692882,17835669.629692882,16984657.267387256,0,0.0,0.0
8029,41694468.06187443,35903370.43514489,21232140.435144886,19582461.805023033,0,0.0,0.0
8030,41155019.654231116,31210482.831581358,16539252.831581358,15993087.595893152,0,0.0,0.0
8031,41809782.89353958,31710814.131737635,17039584.131737635,16375768.029883878,0,0.0,0.0
8032,44578463.87625113,34609559.44909659,19938329.44909659,18592885.199505303,0,0.0,0.0
8033,45960554.322111,36819841.391123176,22148611.391123176,20283428.3507181,0,0.0,0.0
8034,45220851.86533212,36603608.616511196,21932378.616511196,20118041.83181414,0,0.0,0.0
8035,43100746.496815294,35272227.81483967,20600997.81483967,19099729.799703762,0,0.0,0.0
8036,40309565.059144676,32808141.753024578,18136911.753024578,17758417.65754531,0,0.0,0.0
8037,37053749.22656961,29245826.683389172,14574596.683389172,14574596.683389172,0,0.0,0.0
8038,34341319.38125569,26456364.00698245,11785134.00698245,12292075.215877917,0,0.0,0.0
8039,31300382.89353958,22964283.80277096,8293053.802770961,9528030.681427032,0,0.0,0.0
8040,30124734.12192902,23078493.271905124,8407263.271905124,8998107.39240674,0,0.0,0.0
8041,29223028.389444955,22398521.457110308,7727291.457110308,8505836.881167369,0,0.0,0.0
8042,28050192.17470427,21072912.30824038,6401682.30824038,7546152.5542299375,0,0.0,0.0
8043,27455617.652411275,20833950.567974254,6162720.5679742545,7373154.4747684365,0,0.0,0.0
8044,26939232.211100996,20671202.159269113,5999972.159269113,7255331.587681788,0,0.0,0.0
8045,27272801.455868967,21008825.486856624,6337595.4868566245,7499756.43656761,0,0.0,0.0
8046,28751643.858052775,21854566.354236446,7183336.354236446,8112036.651868479,0,0.0,0.0
8047,30025732.12010919,22213197.827461317,7541967.827461317,8371670.499668782,0,0.0,0.0
8048,32587971.428571433,24314368.100594766,9643138.100594766,9892827.90950714,0,0.0,0.0
8049,35865162.693357594,26281780.40385329,11610550.40385329,11306101.826655056,0,0.0,0.0
8050,37727637.85259326,27871645.500492662,13200415.500492662,12440487.451668218,0,0.0,0.0
8051,38595030.391264796,27812812.068615034,13141582.068615034,12398509.17342736,0,0.0,0.0
8052,39750991.26478618,28264021.96932494,13592791.969324939,12720452.227785159,0,0.0,0.0
8053,39213230.39126479,27453539.09915992,12782309.099159919,12142164.095554294,0,0.0,0.0
8054,38977538.125568695,27425565.20537838,12754335.20537838,12122204.425360575,0,0.0,0.0
8055,40105373.43039126,28270972.2744982,13599742.274498198,12725411.344313132,0,0.0,0.0
8056,43411815.28662419,31443690.892679937,16772460.892679937,14989179.761070441,0,0.0,0.0
8057,44986284.62238399,32592462.5193096,17921232.5193096,15808840.512429947,0,0.0,0.0
8058,44070516.105550505,36939179.219059564,22267949.219059564,21098193.392337844,0,0.0,0.0
8059,41433462.784349404,28741285.511623546,14070055.511623546,14070055.511623546,0,0.0,0.0
8060,38512341.21929025,25499800.94722554,10828570.94722554,10828570.94722554,0,0.0,0.0
8061,35363402.54777071,21911204.171707205,7239974.1717072055,8153040.009294736,0,0.0,0.0
8062,31538325.20473157,18080465.286754694,3409235.286754694,5379748.898854904,0,0.0,0.0
8063,28674579.799818017,15288551.617527239,617321.617527239,3358522.8136214996,0,0.0,0.0
8064,27897751.59235669,14626837.939778933,0.0,2080261.9358885293,0,0.0,0.0
8065,28500201.273885354,14741828.11442711,70598.11442711018,2142528.1485862257,0,0.0,0.0
8066,28033879.344858963,14396267.2689447,0.0,2080261.9358885293,0,0.0,0.0
8067,27468555.41401273,13663841.889284914,0.0,1915420.6697770096,0,0.0,0.0
8068,26918981.80163786,14489550.774902508,0.0,2032.278504769958,0,0.0,0.0
8069,28324697.72520473,17059103.44254324,2387873.4425432384,2387873.4425432384,0,0.0,0.0
8070,33432863.5122839,22814865.135254078,8143635.135254078,8143635.135254078,0,0.0,0.0
8071,41917785.07734303,31748683.042241752,17077453.042241752,17077453.042241752,0,0.0,0.0
8072,44855781.98362148,35216835.105667695,20545605.105667695,20144114.575367168,0,0.0,0.0
8073,45992054.95905367,36915591.89731914,22244361.897319138,21609255.65047873,0,0.0,0.0
8074,46293561.055505,37655235.56871307,22984005.56871307,22247182.3561916,0,0.0,0.0
8075,46738507.552320294,38547881.40652786,23876651.406527862,23017070.128789335,0,0.0,0.0
8076,47023138.30755232,39111089.592185155,24439859.592185155,23502825.035378024,0,0.0,0.0
8077,46447126.66060054,38432405.61465812,23761175.614658117,22917474.750168398,0,0.0,0.0
8078,46193434.03093721,37116286.771266945,22445056.771266945,21782350.648438618,0,0.0,0.0
8079,47044513.73976341,38509897.09217468,23838667.09217468,22984309.47732806,0,0.0,0.0
8080,50737963.42129209,41954125.117871284,27282895.117871284,25954881.826058883,0,0.0,0.0
8081,52033427.11555961,43647545.15230498,28976315.152304977,27415420.063232675,0,0.0,0.0
8082,51344350.68243857,43598164.20734217,28926934.20734217,27372830.06379993,0,0.0,0.0
8083,48939614.55868971,42245387.75585497,27574157.75585497,26206089.566126477,0,0.0,0.0
8084,46678881.346678786,40739481.548029214,26068251.548029214,24907277.95801741,0,0.0,0.0
8085,42971931.392174706,37572471.463315725,22901241.463315725,22175800.101263497,0,0.0,0.0
8086,38540466.78798908,33361859.875503726,18690629.875503726,18544238.46809601,0,0.0,0.0
8087,34679951.22838945,31753270.517110556,17082040.517110556,17146301.25974676,0,0.0,0.0
8088,33545365.78707916,29324784.154405165,14653554.154405165,16469828.244384008,0,0.0,0.0
8089,33457051.50136487,29526881.093969725,14855651.093969725,16642201.61860221,0,0.0,0.0
8090,33387300.09099181,29923575.257796723,15252345.257796723,16980551.678226367,0,0.0,0.0
8091,32715661.51046405,29711044.053716805,15039814.053716805,16799278.667101867,0,0.0,0.0
8092,32646472.61146497,29908861.82325178,15237631.82325178,16968002.233567208,0,0.0,0.0
8093,34044313.37579618,31408044.24651294,16736814.246512938,18246691.23015936,0,0.0,0.0
8094,38774471.519563235,36182389.518296644,21511159.518296644,22318845.939445257,0,0.0,0.0
8095,46944949.22656961,44157133.83825235,29485903.83825235,29070066.834534682,0,0.0,0.0
8096,49145493.72156505,46386805.760214165,31715575.760214165,30926334.160658192,0,0.0,0.0
8097,50619273.52138306,48069025.76424676,33397795.76424676,32326831.694882635,0,0.0,0.0
8098,50519709.00818925,47822296.027841315,33151066.027841315,32121421.946676493,0,0.0,0.0
8099,50036511.737943575,47403743.219246626,32732513.219246626,31772964.44707811,0,0.0,0.0
8100,49981385.62329389,47376073.1597047,32704843.1597047,31749928.310266394,0,0.0,0.0
8101,49392436.21474067,46828588.05834213,32157358.05834213,31294130.892185,0,0.0,0.0
8102,49219182.71155596,46750844.27346382,32079614.273463823,31229406.9091374,0,0.0,0.0
8103,50430269.69972702,47864133.59056988,33192903.590569884,32156252.945772234,0,0.0,0.0
8104,52167867.333939955,49521472.73227364,34850242.73227364,33536036.431740582,0,0.0,0.0
8105,52492436.39672428,49848308.05396078,35177078.05396078,33808136.43115987,0,0.0,0.0
8106,52018801.819836214,49372817.13985321,34701587.13985321,34152280.40770508,0,0.0,0.0
8107,50671587.07916285,47873125.18123611,33201895.18123611,33201895.18123611,0,0.0,0.0
8108,48009783.25750683,45083250.810638495,30412020.810638495,30412020.810638495,0,0.0,0.0
8109,43446690.99181073,40492030.098277956,25820800.098277956,25994642.76269095,0,0.0,0.0
8110,38606280.618744306,35507682.95361605,20836452.953616053,21743372.370118823,0,0.0,0.0
8111,34397570.51865332,31097871.005183976,16426641.005183976,17982136.96073169,0,0.0,0.0
8112,33522302.82074613,30071296.547847,15400066.547846999,16676366.979894148,0,0.0,0.0
8113,33341174.15832575,29343381.528170656,14672151.528170656,16106971.502482152,0,0.0,0.0
8114,33878372.52047315,29178277.63797717,14507047.637977172,15977822.624057991,0,0.0,0.0
8115,33153857.87079162,27691836.850334503,13020606.850334503,14815087.086191524,0,0.0,0.0
8116,32691473.521383073,29356116.836651508,14684886.836651508,16116933.416794162,0,0.0,0.0
8117,33379424.931756135,26051359.89406284,11380129.89406284,13531860.151109178,0,0.0,0.0
8118,38116333.21201091,29355596.72281868,14684366.72281868,16116526.569214236,0,0.0,0.0
8119,44956471.519563235,34754896.67359536,20083666.67359536,20229783.825250838,0,0.0,0.0
8120,47201454.41310282,36348378.64241785,21677148.642417848,21578360.08660027,0,0.0,0.0
8121,48475542.67515924,36873723.23410535,22202493.23410535,21979096.57068851,0,0.0,0.0
8122,48387790.90081894,36130167.356005,21458937.356004998,21411907.009726364,0,0.0,0.0
8123,49500438.39854413,37225522.91704868,22554292.917048678,22247451.79938365,0,0.0,0.0
8124,49936947.22474976,38972088.07105979,24300858.071059793,23579743.765693232,0,0.0,0.0
8125,49585940.12738853,40025062.12072468,25353832.120724678,24382959.645661496,0,0.0,0.0
8126,49090367.60691537,40478053.547350876,25806823.547350876,24728504.635560773,0,0.0,0.0
8127,50248016.01455869,42136830.013283625,27465600.013283625,25993830.7840816,0,0.0,0.0
8128,52370371.428571425,44599758.536159895,29928528.536159895,27872569.677438606,0,0.0,0.0
8129,52553187.62511375,44891354.436541215,30220124.436541215,28095001.04485403,0,0.0,0.0
8130,51779734.48589627,44262925.89747953,29591695.897479527,27615631.413512908,0,0.0,0.0
8131,50596773.06642401,42739662.629669406,28068432.629669406,26453675.668766078,0,0.0,0.0
8132,47290331.21019107,40120717.33280584,25449487.332805842,24455926.10230855,0,0.0,0.0
8133,42418982.71155595,36315925.8160842,21644695.8160842,21553604.846459895,0,0.0,0.0
8134,37984143.03912648,32540904.048499275,17869674.048499275,18608163.005313963,0,0.0,0.0
8135,33372674.795268413,27788774.636501223,13117544.636501223,14890914.532447824,0,0.0,0.0
8136,31852206.55141037,25762034.962246507,11090804.962246507,12317276.395159781,0,0.0,0.0
8137,31855019.108280256,25948926.022610843,11277696.022610843,12453000.39364332,0,0.0,0.0
8138,31316695.723384883,25313135.895653725,10641905.895653725,11991276.980769785,0,0.0,0.0
8139,31081565.969062783,24678878.772979,10007648.772978999,11530666.866041666,0,0.0,0.0
8140,30682182.89353958,24252530.420165345,9581300.420165345,11221044.227709305,0,0.0,0.0
8141,31547325.3867152,23882884.03523575,9211654.035235751,10952599.684188478,0,0.0,0.0
8142,35825224.38580528,26394340.581404503,11723110.581404503,12776469.289289823,0,0.0,0.0
8143,42237291.5377616,31353549.366220973,16682319.366220973,16353018.87973073,0,0.0,0.0
8144,43858449.31756142,32260463.711056888,17589233.711056888,16991299.01613522,0,0.0,0.0
8145,44171205.641492255,36807177.66694051,22135947.66694051,20191245.318096884,0,0.0,0.0
8146,44024390.17288444,30877409.19709178,16206179.19709178,16017914.672999466,0,0.0,0.0
8147,44159392.90263876,30452428.12381903,15781198.12381903,15718815.889346477,0,0.0,0.0
8148,44139705.00454959,30092657.075202852,15421427.075202852,15462260.151717318,0,0.0,0.0
8149,44004139.76342129,30068844.800826244,15397614.800826244,15444967.205307366,0,0.0,0.0
8150,44119454.59508643,30075324.730022762,15404094.730022762,15449673.058539335,0,0.0,0.0
8151,45534170.70063693,37458228.30642018,22786998.306420177,20649450.32206394,0,0.0,0.0
8152,49297371.792538665,35549035.284848645,20877805.284848645,19305773.28225299,0,0.0,0.0
8153,50255891.173794344,36951337.44558439,22280107.445584387,20292703.98803721,0,0.0,0.0
8154,49050429.29936306,36622084.829753965,21950854.829753965,20060978.240461994,0,0.0,0.0
8155,47329707.00636941,35593727.643820904,20922497.643820904,19359857.78928576,0,0.0,0.0
8156,44265707.55232028,33849219.65963602,19177989.65963602,19096238.02800271,0,0.0,0.0
8157,40083435.486806184,30854821.714718465,16183591.714718465,16183591.714718465,0,0.0,0.0
8158,35492780.163785264,25609866.90698391,10938636.906983908,12206768.932355294,0,0.0,0.0
8159,31105191.44676979,20509254.202830575,5838024.202830575,8502602.721440518,0,0.0,0.0
8160,29396281.89262966,17980529.05856592,3309299.0585659184,4400812.629532667,0,0.0,0.0
8161,29644911.919927202,16695537.78761815,2024307.787618149,3375632.2811084073,0,0.0,0.0
8162,28672892.26569609,15042070.029360149,370840.02936014906,2056477.2869511591,0,0.0,0.0
8163,27518056.414922655,14412686.643462198,0.0,1760616.9810451947,0,0.0,0.0
8164,26650663.87625113,13614657.046692621,0.0,1760616.9810451947,0,0.0,0.0
8165,27562494.81346679,13697593.048568519,0.0,1760616.9810451947,0,0.0,0.0
8166,32384342.31119199,18012837.163810007,3341607.1638100073,3773257.8546450427,0,0.0,0.0
8167,39349920.65514103,24216699.321717836,9545469.321717836,9363181.93005014,0,0.0,0.0
8168,41795720.109190166,26451355.28524753,11780125.28524753,11111627.081010444,0,0.0,0.0
8169,43073745.95086443,27639801.67996023,12968571.679960229,12041494.304388102,0,0.0,0.0
8170,43204248.58962694,27692381.381130062,13021151.381130062,12082633.846693365,0,0.0,0.0
8171,43645820.01819836,28553386.158539824,13882156.158539824,12756303.374613857,0,0.0,0.0
8172,43360064.24021838,28141364.251175597,13470134.251175597,12433928.155440282,0,0.0,0.0
8173,42273854.77707005,26352785.503188103,11681555.503188103,11034503.863707324,0,0.0,0.0
8174,41478463.694267504,32036565.733288262,17365335.733288262,15481621.516102325,0,0.0,0.0
8175,42211416.01455869,26301359.629253577,11630129.629253577,10994267.101815488,0,0.0,0.0
8176,46198496.633303,30191795.203498125,15520565.203498125,14038231.508831901,0,0.0,0.0
8177,47682401.637852594,31406296.12904454,16735066.12904454,14988484.383889379,0,0.0,0.0
8178,46257560.32757052,29996693.49342081,15325463.49342081,13885579.53712081,0,0.0,0.0
8179,43146309.91810736,27013054.09538614,12341824.09538614,11551112.879681565,0,0.0,0.0
8180,40262314.103730656,24620333.5900376,9949103.5900376,9678994.471543273,0,0.0,0.0
8181,36559301.728844404,21361849.80925616,6690619.809256159,7098467.986187387,0,0.0,0.0
8182,32773037.670609646,18146275.789605454,3475045.7896054536,4533047.217672681,0,0.0,0.0
8183,29489658.780709736,14791831.153893843,120601.1538938433,1856833.9248988805,0,0.0,0.0
8184,28649266.787989076,14162315.126690293,0.0,1441964.3579945986,0,0.0,0.0
8185,28103068.24385805,13696116.521158973,0.0,1441964.3579945986,0,0.0,0.0
8186,28185757.415832568,13935388.395335337,0.0,1441964.3579945986,0,0.0,0.0
8187,27653059.14467697,13243572.16449067,0.0,1441964.3579945986,0,0.0,0.0
8188,26253530.846223842,11593821.27638416,0.0,1441964.3579945986,0,0.0,0.0
8189,26274906.278434947,11841282.508889407,0.0,1441964.3579945986,0,0.0,0.0
8190,27995628.571428567,13585208.066235796,0.0,1441964.3579945986,0,0.0,0.0
8191,30360988.898999095,15692871.06808493,1021641.0680849291,1500495.6861192011,0,0.0,0.0
8192,34519072.97543221,19558335.221962456,4887105.221962456,4887105.221962456,0,0.0,0.0
8193,37830014.92265697,22517122.51881515,7845892.518815149,7644643.562488232,0,0.0,0.0
8194,38864473.33939945,23411471.60400716,8740241.604007158,8334811.304264467,0,0.0,0.0
8195,38821159.96360327,23658322.407863405,8987092.407863405,8525305.67013788,0,0.0,0.0
8196,38797534.48589627,24419520.384062715,9748290.384062715,9112720.916574154,0,0.0,0.0
8197,38673781.98362147,24644844.983008616,9973614.983008616,9286603.544952692,0,0.0,0.0
8198,38601218.016378514,25823127.538092397,11151897.538092397,10195882.285973512,0,0.0,0.0
8199,39447797.63421291,27268360.220665045,12597130.220665045,11311166.008389609,0,0.0,0.0
8200,43267249.8635123,30309647.526756905,15638417.526756905,13658122.500985034,0,0.0,0.0
8201,44860844.585987255,31094960.330179095,16423730.330179095,14264147.12056576,0,0.0,0.0
8202,43687445.85987261,29864597.34163344,15193367.341633439,13314677.993320767,0,0.0,0.0
8203,40762949.22656961,32550444.429899156,17879214.429899156,15387341.845005337,0,0.0,0.0
8204,38105082.984531395,24400473.21371042,9729243.21371042,9098022.246036077,0,0.0,0.0
8205,35048958.689717926,21317117.634047,6645887.634047002,6711882.167232848,0,0.0,0.0
8206,32236964.331210192,18635292.856179174,3964062.856179174,4585304.509533898,0,0.0,0.0
8207,29305717.56141946,15897157.33447529,1225927.33447529,2414074.72887807,0,0.0,0.0
8208,28510888.9899909,15379918.362425014,708688.3624250144,2246094.3904476985,0,0.0,0.0
8209,28281946.860782526,15232362.381403605,561132.3814036045,2123698.0751377298,0,0.0,0.0
8210,27674997.088262055,14861696.260988455,190466.26098845527,1816233.9721240206,0,0.0,0.0
8211,27248050.955414012,14387869.93149094,0.0,1658243.9782621562,0,0.0,0.0
8212,26600037.852593258,14073362.694580555,0.0,1658243.9782621562,0,0.0,0.0
8213,27024733.93994541,14294356.628470678,0.0,1658243.9782621562,0,0.0,0.0
8214,27921377.07006369,15601572.101102997,930342.1011029966,2429954.1072891834,0,0.0,0.0
8215,29248903.912647862,17013756.971629895,2342526.9716298953,3041747.5168214673,0,0.0,0.0
8216,32558158.325750683,19941364.773527972,5270134.773527972,5270134.773527972,0,0.0,0.0
8217,36194794.35850773,23197632.175847195,8526402.175847195,8526402.175847195,0,0.0,0.0
8218,38479715.55959964,25199191.78639587,10527961.78639587,10375563.38490248,0,0.0,0.0
8219,39399984.16742494,26526494.2084885,11855264.208488502,11450951.351099553,0,0.0,0.0
8220,39951245.31392174,27253548.1675511,12582318.1675511,12040014.600994902,0,0.0,0.0
8221,39609800.909918115,26650324.568877243,11979094.568877243,11551279.412885167,0,0.0,0.0
8222,39416859.508644216,26806141.274966933,12134911.274966933,11677522.993754357,0,0.0,0.0
8223,41007641.67424931,29154563.026753284,14483333.026753284,13580227.64447353,0,0.0,0.0
8224,45431793.63057326,34803377.41518872,20132147.415188722,18156929.167421833,0,0.0,0.0
8225,47173891.35577799,36927476.37087059,22256246.37087059,19877886.21378262,0,0.0,0.0
8226,45951554.140127376,36183077.44158767,21511847.44158767,19274769.9704334,0,0.0,0.0
8227,44783780.52775249,34516462.34665492,19845232.34665492,17924468.94819358,0,0.0,0.0
8228,42519109.736123756,31693663.95838403,17022433.95838403,15637421.650441306,0,0.0,0.0
8229,39055164.69517743,28280315.557977982,13609085.557977982,12871907.376424175,0,0.0,0.0
8230,35775723.38489536,25733220.89497845,11061990.894978449,10808236.803868473,0,0.0,0.0
8231,33032917.925386712,23211337.278257623,8540107.278257623,8742183.619169824,0,0.0,0.0
8232,32703286.260236576,27295217.478327088,12623987.478327088,14026242.237212155,0,0.0,0.0
8233,32737036.942675155,23301513.40433356,8630283.404333562,10550859.099152869,0,0.0,0.0
8234,31838706.278434947,22102474.115537375,7431244.115537375,9507436.539807875,0,0.0,0.0
8235,31578263.512283895,21854804.641983937,7183574.6419839375,9291910.728117244,0,0.0,0.0
8236,31486011.64695178,21882088.792279694,7210858.792279694,9315653.81827047,0,0.0,0.0
8237,33156670.427661512,24198238.695401788,9527008.695401788,11331203.335558316,0,0.0,0.0
8238,37959392.538671516,29265735.175720654,14594505.175720654,15741017.256063506,0,0.0,0.0
8239,45871677.52502275,37740662.5949483,23069432.5949483,23116030.35251654,0,0.0,0.0
8240,48146473.52138307,40272757.34025093,25601527.34025093,25289892.883649964,0,0.0,0.0
8241,49026803.82165604,41768881.83405596,27097651.83405596,26571462.984860893,0,0.0,0.0
8242,48668484.07643311,42361394.31377051,27690164.31377051,27079005.159152348,0,0.0,0.0
8243,48668484.07643311,43382046.056528315,28710816.056528315,27953288.524395972,0,0.0,0.0
8244,49534189.080982715,44692095.23488416,30020865.234884158,29075467.771543287,0,0.0,0.0
8245,49521251.31938125,45195500.022709124,30524270.022709124,29506680.900901344,0,0.0,0.0
8246,49247870.79162875,44860840.69338954,30189610.693389542,29220013.987604246,0,0.0,0.0
8247,50359955.77797998,46042210.15552288,31370980.155522883,30231967.061979238,0,0.0,0.0
8248,52705065.69608733,48433426.62137349,33762196.62137349,32280266.879839715,0,0.0,0.0
8249,52669627.47952684,48665289.74585725,33994059.74585725,32478879.260789383,0,0.0,0.0
8250,52581875.70518651,48993139.3409885,34321909.3409885,32759713.001934636,0,0.0,0.0
8251,51417477.161055505,47945596.018103704,33274366.018103704,31862394.491415516,0,0.0,0.0
8252,48577919.74522293,45521466.32190749,30850236.32190749,30288085.982196562,0,0.0,0.0
8253,43880387.2611465,40819503.875040375,26148273.875040375,26148273.875040375,0,0.0,0.0
8254,38823410.009099185,35814577.929675125,21143347.929675125,21439921.646377128,0,0.0,0.0
8255,34570261.51046406,31406643.671364605,16735413.671364605,17604068.98649599,0,0.0,0.0
8256,33554928.48043676,30483238.44935387,15812008.44935387,17219155.373973276,0,0.0,0.0
8257,33964999.27206552,31019995.651054278,16348765.651054278,17658742.533753637,0,0.0,0.0
8258,33932936.123748854,31094738.405495197,16423508.405495197,17719954.484026045,0,0.0,0.0
8259,33257922.474977247,30368812.072447214,15697582.072447214,17125443.792891536,0,0.0,0.0
8260,32860789.44494995,29852354.02031517,15181124.02031517,16702480.9941378,0,0.0,0.0
8261,33757432.57506824,31650314.33197998,16979084.33197998,18174953.583790537,0,0.0,0.0
8262,38894848.95359417,35449863.600850396,20778633.600850396,21286664.178929508,0,0.0,0.0
8263,46132120.29117379,42400786.40896734,27729556.40896734,26902855.2269125,0,0.0,0.0
8264,48336602.365787074,44316734.12570842,29645504.125708424,28436634.200949434,0,0.0,0.0
8265,49251245.8598726,45149770.42800411,30478540.42800411,29103507.07744102,0,0.0,0.0
8266,37768138.67151956,33804736.63265517,19133506.632655174,19939357.26038971,0,0.0,0.0
8267,39108884.531392165,35219629.6085068,20548399.6085068,21098109.826126046,0,0.0,0.0
8268,40449630.39126479,36338758.039227486,21667528.039227486,22014640.59037381,0,0.0,0.0
8269,47839904.822565965,43618577.395883806,28947347.395883806,27877736.845123474,0,0.0,0.0
8270,47479897.54322111,42915686.5499603,28244456.5499603,27315049.674121615,0,0.0,0.0
8271,48371478.07097359,43847746.194207005,29176516.194207005,28061193.98296818,0,0.0,0.0
8272,51449540.30937216,46816098.42495156,32144868.42495156,30437457.280379914,0,0.0,0.0
8273,52080678.07097361,46960584.663403794,32289354.663403794,30553123.25218038,0,0.0,0.0
8274,52097553.41219288,46401284.148161754,31730054.148161754,30184672.78268172,0,0.0,0.0
8275,51091220.564149216,44934487.79795531,30263257.79795531,30242634.97610543,0,0.0,0.0
8276,47720652.41128299,41337353.92542399,26666123.925423987,26666123.925423987,0,0.0,0.0
8277,43193560.87352139,36628786.969376825,21957556.969376825,22252165.10472517,0,0.0,0.0
8278,38468465.332120106,31740968.62411461,17069738.62411461,18249196.579832546,0,0.0,0.0
8279,34326694.08553231,27588094.54741569,12916864.547415689,14848124.149843017,0,0.0,0.0
8280,33528490.44585988,26778103.028215848,12106873.028215848,13223835.36780009,0,0.0,0.0
8281,33189858.598726112,26404035.12068116,11732805.12068116,12910430.342653241,0,0.0,0.0
8282,32461968.880800728,25343860.995288733,10672630.995288733,12022185.476584831,0,0.0,0.0
8283,31628327.02456778,24265622.282082357,9594392.282082357,11118805.57090445,0,0.0,0.0
8284,31417947.770700634,24221612.03084908,9550382.03084908,11081932.49621225,0,0.0,0.0
8285,31527074.977252044,24770940.287801974,10099710.287801974,11542175.764122697,0,0.0,0.0
8286,38583780.163785264,31660227.647861548,16988997.647861548,17314222.055271223,0,0.0,0.0
8287,46235622.38398543,38631722.271737374,23960492.271737374,23090578.60088002,0,0.0,0.0
8288,48248288.0800728,39787174.80627105,25115944.806271046,24043626.237957872,0,0.0,0.0
8289,48486792.90263876,40067986.51993135,25396756.519931354,24275247.12429376,0,0.0,0.0
8290,48604357.77979981,43375388.68009863,28704158.68009863,27003279.405503582,0,0.0,0.0
8291,48557669.33575979,40405528.16226721,25734298.162267208,24553660.347709622,0,0.0,0.0
8292,48464292.4476797,40077395.38964972,25406165.38964972,24283007.80747601,0,0.0,0.0
8293,47618275.34121929,42203468.91960042,27532238.91960042,26036649.167387918,0,0.0,0.0
8294,47328019.47224748,38424537.02153481,23753307.021534808,22919686.757864904,0,0.0,0.0
8295,47445584.34940855,38252965.44395241,23581735.44395241,22778170.008610807,0,0.0,0.0
8296,49695629.845313914,39746850.82745849,25075620.827458493,24010365.95977569,0,0.0,0.0
8297,49994323.38489537,39399469.779009424,24728239.779009424,24121565.02978904,0,0.0,0.0
8298,49262496.08735213,38339518.26204321,23668288.262043208,23668288.262043208,0,0.0,0.0
8299,48363602.91173795,36585545.267083175,21914315.267083175,21914315.267083175,0,0.0,0.0
8300,45727112.10191083,33173300.31185179,18502070.31185179,18581918.553033166,0,0.0,0.0
8301,41014954.322110996,27690504.367506232,13019274.367506232,13988271.874981066,0,0.0,0.0
8302,36122792.90263876,22660700.06327178,7989470.06327178,9774154.831791235,0,0.0,0.0
8303,31990021.838034574,18414086.982454054,3742856.982454054,6216218.28451027,0,0.0,0.0
8304,30894249.681528654,17677939.901783567,3006709.901783567,4869274.887747371,0,0.0,0.0
8305,30754746.860782534,17635882.824099056,2964652.8240990564,4833222.451332863,0,0.0,0.0
8306,30583743.403093714,17422208.72205013,2750978.7220501304,4650055.374548947,0,0.0,0.0
8307,29932917.74340309,16590711.77527545,1919481.7752754502,3937274.2577218027,0,0.0,0.0
8308,29262966.696997266,16142005.294471286,1470775.2944712862,2290567.2270965865,0,0.0,0.0
8309,30157359.781619653,17349217.6171674,2677987.6171673983,2677987.6171673983,0,0.0,0.0
8310,36914246.40582347,23662884.489284694,8991654.489284694,8991654.489284694,0,0.0,0.0
8311,45748487.53412193,31983294.6981613,17312064.6981613,17106409.427510645,0,0.0,0.0
8312,48027221.11010008,34148150.255084544,19476920.255084544,18917966.746720325,0,0.0,0.0
8313,48978427.84349408,35219937.78995533,20548707.789955333,19814841.62006863,0,0.0,0.0
8314,49441374.70427661,35629981.4113416,20958751.4113416,20157967.294731736,0,0.0,0.0
8315,49479062.96633303,35989083.25897156,21317853.258971557,20458464.74747653,0,0.0,0.0
8316,49409874.06733393,36421316.47966747,21750086.47966747,20820158.74228054,0,0.0,0.0
8317,47774653.50318472,35391832.137746274,20720602.137746274,19958683.30173445,0,0.0,0.0
8318,47129452.95723385,34884624.43868239,20213394.438682392,19534250.449085135,0,0.0,0.0
8319,48402416.19654229,40954117.736924395,26282887.736924395,24613219.79332684,0,0.0,0.0
8320,50731213.28480435,38152603.53281908,23481373.532819077,22268904.69799095,0,0.0,0.0
8321,50789151.95632392,38389246.48226657,23718016.482266568,22466928.19463489,0,0.0,0.0
8322,51059719.927206546,38709681.63671865,24038451.636718653,22735069.24798293,0,0.0,0.0
8323,50372331.02820746,38453371.47467056,23782141.47467056,22520588.171607584,0,0.0,0.0
8324,47943406.91537761,37055221.234547496,22383991.234547496,21350612.053455178,0,0.0,0.0
8325,43997952.13830755,33869688.95963593,19198458.95963593,18684949.538586833,0,0.0,0.0
8326,39163166.8789809,29772029.420735937,15100799.420735937,15236647.453292474,0,0.0,0.0
8327,34937018.92629662,26092223.752784863,11420993.752784863,12082220.965157965,0,0.0,0.0
8328,34584886.80618744,26252900.517306935,11581670.517306935,13218594.636810418,0,0.0,0.0
8329,34830704.27661509,26955878.071885854,12284648.071885854,13808641.264854908,0,0.0,0.0
8330,34063438.762511365,26638516.23653425,11967286.236534249,13542262.516914092,0,0.0,0.0
8331,33571803.82165605,25703749.64049143,11032519.64049143,12757662.959771665,0,0.0,0.0
8332,33189858.598726112,25582080.290539257,10910850.290539257,12655539.3724565,0,0.0,0.0
8333,34007750.136487715,26612177.78544759,11940947.78544759,13520155.247413993,0,0.0,0.0
8334,40817512.8298453,32939644.13696128,18268414.13696128,18831135.89033363,0,0.0,0.0
8335,47866905.368516825,40260108.75660143,25588878.75660143,24900683.83311887,0,0.0,0.0
8336,50156326.660600536,42084731.56784044,27413501.567840442,26396377.185648687,0,0.0,0.0
8337,51857361.055505,43125186.215638034,28453956.215638034,27249266.39142533,0,0.0,0.0
8338,51913049.681528665,41963490.02401298,27292260.024012983,26296992.16753085,0,0.0,0.0
8339,52201055.50500453,42411160.451410465,27739930.451410465,26663959.892727662,0,0.0,0.0
8340,52082365.60509553,43664683.1268379,28993453.1268379,27691506.803428102,0,0.0,0.0
8341,51142971.61055505,43359532.097262554,28688302.097262554,27441366.136742286,0,0.0,0.0
8342,50348705.55050045,43045521.206242956,28374291.206242956,27183962.79867866,0,0.0,0.0
8343,50429144.67697905,42532502.622993216,27861272.622993216,26763427.398175877,0,0.0,0.0
8344,51212160.50955414,42929452.28721923,28258222.287219226,27088817.92295433,0,0.0,0.0
8345,50843153.04822565,41994101.52990559,27322871.529905587,27165848.90121593,0,0.0,0.0
8346,50596210.555050045,41207855.52080663,26536625.520806633,26536625.520806633,0,0.0,0.0
8347,49903196.5423112,40050001.656476304,25378771.656476304,25378771.656476304,0,0.0,0.0
8348,46611379.98180164,36615443.91592403,21944213.915924028,21944213.915924028,0,0.0,0.0
8349,43475941.5832575,33930733.61484067,19259503.61484067,19663010.25204551,0,0.0,0.0
8350,38448214.92265697,29647167.377726283,14975937.377726283,16067584.19931963,0,0.0,0.0
8351,33954311.55595996,24416853.043564014,9745623.043564014,11677501.875377178,0,0.0,0.0
8352,32764037.488626026,22600201.483083855,7928971.483083855,8967369.898117777,0,0.0,0.0
8353,32324153.594176512,21643490.687283132,6972260.687283132,8272408.501930603,0,0.0,0.0
8354,31671077.88898998,25181265.913464732,10510035.913464732,10842273.10612985,0,0.0,0.0
8355,31039377.616014555,24333599.955879457,9662369.955879457,10226522.641130904,0,0.0,0.0
8356,30167484.98635123,18647437.230284493,3976207.2302844934,6096054.369975256,0,0.0,0.0
8357,30047107.552320298,18479498.363205895,3808268.363205895,5974062.405369744,0,0.0,0.0
8358,32018147.406733397,19956894.07991074,5285664.07991074,7047252.960455748,0,0.0,0.0
8359,35217149.59053685,22101313.873520497,7430083.873520497,8495572.912911545,0,0.0,0.0
8360,38716532.84804367,24608394.400939465,9937164.400939465,9937164.400939465,0,0.0,0.0
8361,42059537.94358508,27135598.776364654,12464368.776364654,12248005.614682361,0,0.0,0.0
8362,43632319.745222926,28346091.828723572,13674861.828723572,13104637.784205118,0,0.0,0.0
8363,44106516.83348499,28752041.604022257,14080811.604022257,13391917.11724526,0,0.0,0.0
8364,44474961.78343949,29061908.757208027,14390678.757208027,13611201.458596986,0,0.0,0.0
8365,44607714.4676979,29059486.218040563,14388256.218040563,13609487.095198754,0,0.0,0.0
8366,44708404.00363967,29709889.752275847,15038659.752275847,14069759.535021106,0,0.0,0.0
8367,45763112.82984532,31455923.945144337,16784693.945144337,15305379.232121497,0,0.0,0.0
8368,47916968.880800724,33752755.968483865,19081525.968483865,16930783.190738603,0,0.0,0.0
8369,49066742.129208356,34656689.054840095,19985459.054840095,17570471.423033517,0,0.0,0.0
8370,47309456.596906275,33629840.38786428,18958610.387864277,16843799.262752302,0,0.0,0.0
8371,44146455.1410373,30741650.930984557,16070420.930984557,14799908.142833635,0,0.0,0.0
8372,41439087.89808917,27564319.312537797,12893089.312537797,12551399.18006077,0,0.0,0.0
8373,38709220.20018198,24919041.493800696,10247811.493800696,10651791.4583801,0,0.0,0.0
8374,35291963.6032757,23459342.226355173,8788112.226355173,9591455.727488397,0,0.0,0.0
8375,32163275.341219295,20846092.500671208,6174862.500671208,7693172.896440084,0,0.0,0.0
8376,31443260.78252957,18729004.328388702,4057774.328388702,5686626.696455543,0,0.0,0.0
8377,30977501.364877157,22966358.548499066,8295128.548499066,9380001.740943925,0,0.0,0.0
8378,30492616.56050955,17525270.63302168,2854040.633021679,4637424.821951277,0,0.0,0.0
8379,29994793.99454049,17342345.942249015,2671115.942249015,4477983.469440768,0,0.0,0.0
8380,29394031.847133752,17299322.6142734,2628092.614273399,4440483.350823866,0,0.0,0.0
8381,29117838.762511373,17756128.38632089,3084898.386320889,4838645.730228271,0,0.0,0.0
8382,30672057.688808,20107260.45264818,5436030.4526481815,6614968.734075736,0,0.0,0.0
8383,32557033.30300273,23333245.693099864,8662015.693099864,8662015.693099864,0,0.0,0.0
8384,36108730.11828935,27786579.14568956,13115349.145689558,13115349.145689558,0,0.0,0.0
8385,40123936.30573248,32694258.213609785,18023028.213609785,17838681.6873989,0,0.0,0.0
8386,42624299.36305732,35607210.184337445,20935980.184337445,20331265.223693468,0,0.0,0.0
8387,44023265.150136486,37290560.482724026,22619330.482724026,21771691.046617977,0,0.0,0.0
8388,44600964.331210196,38348614.42475143,23677384.42475143,22677057.102396175,0,0.0,0.0
8389,44483399.45404913,39412978.55568427,24741748.55568427,23587822.722992018,0,0.0,0.0
8390,44624027.29754322,39592630.083819285,24921400.083819285,23741548.718408145,0,0.0,0.0
8391,46144495.54140127,40822691.16069064,26151461.160690643,24794099.539587807,0,0.0,0.0
8392,49320997.27024568,42987049.03552066,28315819.035520658,26646118.680192847,0,0.0,0.0
8393,50347018.01637852,43615038.11817819,28943808.11817819,27183482.585995216,0,0.0,0.0
8394,49221432.757051855,42641411.88469237,27970181.88469237,26350360.46641388,0,0.0,0.0
8395,46680006.36942675,40066546.06529346,25395316.06529346,24147073.83000632,0,0.0,0.0
8396,43872512.10191083,37229835.256078266,22558605.256078266,21719729.084424283,0,0.0,0.0
8397,40416442.22020018,33561891.063691474,18890661.063691474,18581106.340944335,0,0.0,0.0
8398,36600927.57051865,29560307.57322744,14889077.57322744,15127438.822549516,0,0.0,0.0
8399,33791183.257506825,26861302.16772704,12190072.167727038,12774923.858776957,0,0.0,0.0
8400,32832101.364877157,26465104.60043899,11793874.60043899,12945410.920278147,0,0.0,0.0
8401,32976104.276615106,26423360.78733962,11752130.78733962,12909730.495733514,0,0.0,0.0
8402,32771350.13648771,25702916.550424132,11031686.550424132,12293932.50495857,0,0.0,0.0
8403,31789205.277525023,24096510.944937803,9425280.944937803,10920861.150451869,0,0.0,0.0
8404,31526512.46587807,23516970.836617667,8845740.836617667,10425500.627054565,0,0.0,0.0
8405,32971604.185623296,25175484.290921308,10504254.290921308,11843111.04088205,0,0.0,0.0
8406,38281711.55595996,34023743.83110624,19352513.831106238,19406139.749431897,0,0.0,0.0
8407,46022430.57324841,38684746.86218156,24013516.86218156,23337921.54156899,0,0.0,0.0
8408,48654983.80345768,41704653.20032831,27033423.200328313,25882427.621924512,0,0.0,0.0
8409,50012323.7488626,43132432.05751027,28461202.05751027,27085442.410036128,0,0.0,0.0
8410,49452624.93175613,42511386.747320265,27840156.747320265,26562163.410289235,0,0.0,0.0
8411,50169264.422202,43526216.375581875,28854986.375581875,27417236.33987593,0,0.0,0.0
8412,50122013.46678797,43212003.941948265,28540773.941948265,27152487.91446792,0,0.0,0.0
8413,49062242.03821656,41919389.261644304,27248159.261644304,26063359.46301778,0,0.0,0.0
8414,48458667.33393995,40705025.48669261,26033795.486692607,25662557.644650064,0,0.0,0.0
8415,49422811.8289354,40622258.93700908,25951028.93700908,25951028.93700908,0,0.0,0.0
8416,51076032.757051855,41141859.30226138,26470629.302261382,26470629.302261382,0,0.0,0.0
8417,50840903.002729766,39738649.72136724,25067419.72136724,25067419.72136724,0,0.0,0.0
8418,50379081.164695166,38981163.598451555,24309933.598451555,24309933.598451555,0,0.0,0.0
8419,48275288.62602365,36197536.22469513,21526306.22469513,21526306.22469513,0,0.0,0.0
8420,44779280.43676068,31902293.448225416,17231063.448225416,17592835.101594202,0,0.0,0.0
8421,40311252.59326661,27165667.582554627,12494437.582554627,13544215.455997853,0,0.0,0.0
8422,35230087.352138296,21670067.830033764,6998837.830033764,8846864.693370232,0,0.0,0.0
8423,31070878.252957236,17347387.794895537,2676157.794895537,5152064.257742135,0,0.0,0.0
8424,30209673.339399446,16521311.051937113,1850081.0519371126,3531403.5913237445,0,0.0,0.0
8425,30575305.732484072,16845115.43678643,2173885.436786432,3807191.7817596877,0,0.0,0.0
8426,29563347.770700637,15883921.664867975,1212691.6648679748,2988531.184748174,0,0.0,0.0
8427,28363511.01000909,14708396.069164205,37166.06916420534,1987321.5284887617,0,0.0,0.0
8428,27635621.292083707,13706125.295472883,0.0,998580.7834402398,0,0.0,0.0
8429,28243696.087352138,14830419.443835806,159189.4438358061,159189.4438358061,0,0.0,0.0
8430,33938561.23748863,19908620.453888144,5237390.453888144,5237390.453888144,0,0.0,0.0
8431,40879389.0809827,25851824.106479846,11180594.106479846,11180594.106479846,0,0.0,0.0
8432,43337001.27388534,27989471.83754693,13318241.83754693,13297949.480881266,0,0.0,0.0
8433,44306770.882620566,29165281.93669738,14494051.936697379,14275802.454297192,0,0.0,0.0
8434,44680278.43494085,29325749.150580965,14654519.150580965,14409455.166606074,0,0.0,0.0
8435,45329416.560509555,36235125.77616332,21563895.776163317,20164256.437366355,0,0.0,0.0
8436,45605609.64513193,30055896.904833533,15384666.904833533,15017593.273951065,0,0.0,0.0
8437,45793488.44404003,31613730.521220535,16942500.521220535,16315108.717243528,0,0.0,0.0
8438,45960554.322111,33172345.539196856,18501115.539196856,17613274.98782517,0,0.0,0.0
8439,47410146.132848024,35152189.42717805,20480959.427178048,19262281.65512358,0,0.0,0.0
8440,50726713.19381255,38932933.152174,24261703.152174003,22411252.969332688,0,0.0,0.0
8441,51965363.239308454,39711299.13068266,25040069.130682662,23059551.9064109,0,0.0,0.0
8442,51292599.636032745,38963813.95371519,24292583.95371519,22436973.506159894,0,0.0,0.0
8443,49224807.82529573,37052520.36373606,22381290.363736063,20845062.198317297,0,0.0,0.0
8444,46391438.03457689,34571406.20512683,19900176.20512683,18778548.86627522,0,0.0,0.0
8445,41898097.17925387,30517748.500964243,15846518.500964243,15402268.230368234,0,0.0,0.0
8446,37131375.79617835,26220634.169712566,11549404.169712566,11792436.783785254,0,0.0,0.0
8447,33031230.391264774,22692316.321695674,8021086.321695674,8787324.931948429,0,0.0,0.0
8448,31851081.528662413,22183450.602628544,7512220.602628544,9320893.891107548,0,0.0,0.0
8449,31610326.660600536,22981793.56203061,8310563.56203061,9979357.494173702,0,0.0,0.0
8450,31146817.28844403,23229351.55813582,8558121.558135819,10183540.330840003,0,0.0,0.0
8451,30663057.506824393,23170853.954784907,8499623.954784907,10135292.216142494,0,0.0,0.0
8452,30557867.879890807,22703186.2542428,8031956.2542428,9749565.56131327,0,0.0,0.0
8453,31930958.143767055,24022099.64153357,9350869.641533569,10837389.347945174,0,0.0,0.0
8454,37084124.84076433,28597774.17414061,13926544.17414061,14611350.28004269,0,0.0,0.0
8455,44000202.18380346,35324272.51315596,20653042.51315596,20092460.25656144,0,0.0,0.0
8456,45815426.387625106,36631341.515334114,21960111.515334114,21139517.33315558,0,0.0,0.0
8457,46587191.992720656,37061687.42054537,22390457.42054537,21484255.617579628,0,0.0,0.0
8458,47341519.74522292,37377302.37492735,22706072.37492735,21737086.08859064,0,0.0,0.0
8459,47097389.80891719,37512767.63420108,22841537.63420108,21845603.586992662,0,0.0,0.0
8460,46626567.788899004,36890303.43799353,22219073.437993526,21346964.6165332,0,0.0,0.0
8461,45646672.97543222,35897588.005083166,21226358.005083166,20551727.54998135,0,0.0,0.0
8462,45502107.5523203,36668210.995396465,21996980.995396465,21169052.460945535,0,0.0,0.0
8463,46464002.001819834,37155620.67295577,22484390.672955766,21559502.96603629,0,0.0,0.0
8464,49799694.44949953,43529041.21839657,28857811.218396567,26665075.107287887,0,0.0,0.0
8465,50964092.99363058,40003317.07993601,25332087.079936013,23840714.340456128,0,0.0,0.0
8466,50047199.45404913,38313191.71993028,23641961.719930284,23239389.115000017,0,0.0,0.0
8467,48237600.36396724,36513558.13006349,21842328.13006349,21842328.13006349,0,0.0,0.0
8468,45205101.546860784,34342091.54738642,19670861.547386423,19670861.547386423,0,0.0,0.0
8469,41319272.9754322,30858002.536523536,16186772.536523536,16475559.256547809,0,0.0,0.0
8470,36737055.32302092,26374908.213679533,11703678.213679533,12777957.360094381,0,0.0,0.0
8471,32475469.15377616,22323515.285658315,7652285.285658315,9436417.545151139,0,0.0,0.0
8472,31605826.569608733,21529518.078997362,6858288.078997362,8711614.861920957,0,0.0,0.0
8473,31351571.428571437,21425703.12958824,6754473.129588239,8628266.158677548,0,0.0,0.0
8474,30972438.76251137,21639066.658350818,6967836.658350818,8799566.858076006,0,0.0,0.0
8475,30042607.46132848,20819060.80675908,6147830.806759082,8141218.279463978,0,0.0,0.0
8476,29926730.118289355,21492780.309381124,6821550.309381124,8682119.635318272,0,0.0,0.0
8477,31754329.572338488,23290685.668555804,8619455.668555804,9834138.232243678,0,0.0,0.0
8478,36531738.67151955,28008679.857594106,13337449.857594106,13337449.857594106,0,0.0,0.0
8479,43093996.36032758,33991189.70207842,19319959.702078417,18633865.415089156,0,0.0,0.0
8480,45542608.37124658,35513191.81295359,20841961.81295359,19814725.979886647,0,0.0,0.0
8481,46067431.48316652,35588620.59324516,20917390.593245164,19873248.15371326,0,0.0,0.0
8482,45873927.57051864,35004311.436871,20333081.436871,19419906.048940748,0,0.0,0.0
8483,45729924.6587807,35001233.20364898,20330003.203648977,19417517.77089884,0,0.0,0.0
8484,45237164.69517743,34106527.95015026,19435297.95015026,18723351.748772707,0,0.0,0.0
8485,44622339.76342129,33242122.618135687,18570892.618135687,18052694.2238697,0,0.0,0.0
8486,44750029.845313914,33434770.465143844,18763540.465143844,18202161.983342297,0,0.0,0.0
8487,45644985.44131028,34116920.76850347,19445690.768503472,18731415.120868396,0,0.0,0.0
8488,48347852.59326661,37082934.61833407,22411704.61833407,21032626.64014429,0,0.0,0.0
8489,49788444.22202001,37961530.36923749,23290300.36923749,21714293.943512175,0,0.0,0.0
8490,48991365.60509553,36768104.11054832,22096874.110548317,20788362.240914527,0,0.0,0.0
8491,47489460.23657869,35356602.95773974,20685372.95773974,19693234.94995469,0,0.0,0.0
8492,45231539.58143766,33481110.817137945,18809880.817137945,18238115.609055206,0,0.0,0.0
8493,41296210.00909917,34759288.30922203,20088058.309222028,19229802.40398742,0,0.0,0.0
8494,37161188.89899909,26745771.383444116,12074541.383444116,12899527.596929802,0,0.0,0.0
8495,33670805.82347588,24057353.997363016,9386123.997363016,10741109.140028892,0,0.0,0.0
8496,32395030.027297538,24670245.316728503,9999015.316728503,11611228.1861252,0,0.0,0.0
8497,32355091.719745222,24958574.836373724,10287344.836373724,11844532.995051203,0,0.0,0.0
8498,31801580.5277525,25184438.72245523,10513208.72245523,12027293.091382544,0,0.0,0.0
8499,30979751.41037307,27379345.940199576,12708115.940199576,13803324.937432325,0,0.0,0.0
8500,30687808.007279348,25193564.540576078,10522334.540576078,12034677.341374002,0,0.0,0.0
8501,31188443.130118288,25850164.18910886,11178934.18910886,12565971.728886988,0,0.0,0.0
8502,35099022.202001825,29713121.77316617,15041891.773166168,15691723.757838776,0,0.0,0.0
8503,41193270.42766151,35509682.145688,20838452.145687997,20328407.887979466,0,0.0,0.0
8504,43219436.39672429,37293914.060469836,22622684.060469836,21732089.86344961,0,0.0,0.0
8505,43942263.5122839,38203189.68421377,23531959.684213772,22447430.617759455,0,0.0,0.0
8506,44058140.85532301,38584445.58436252,23913215.58436252,22747370.345687646,0,0.0,0.0
8507,44178518.28935395,38583455.90357037,23912225.90357037,22746591.74898285,0,0.0,0.0
8508,43853386.71519565,38160121.65005252,23488891.650052518,22413548.350117993,0,0.0,0.0
8509,43636819.83621474,37641255.138414755,22970025.138414755,22005348.292699974,0,0.0,0.0
8510,43297062.96633303,36735589.819573864,22064359.819573864,21292847.81934038,0,0.0,0.0
8511,43740884.44040037,36987403.84295525,22316173.842955247,21490953.68375334,0,0.0,0.0
8512,46224934.66787988,38952814.46277475,24281584.462774754,23037171.66056581,0,0.0,0.0
8513,47570461.874431305,40261865.55894941,25590635.55894941,24067021.767744552,0,0.0,0.0
8514,46097244.58598725,39051707.29109613,24380477.29109613,24094025.028405663,0,0.0,0.0
8515,44664528.11646952,36927248.622641094,22256018.622641094,22256018.622641094,0,0.0,0.0
8516,41676467.69790719,34153956.34507219,19482726.345072187,19482726.345072187,0,0.0,0.0
8517,38198459.87261146,29808427.66030208,15137197.66030208,15768841.500812598,0,0.0,0.0
8518,34449321.56505914,24963857.44494869,10292627.444948688,11848807.472342769,0,0.0,0.0
8519,30947125.75068244,21281306.113297466,6610076.113297466,8869033.025909934,0,0.0,0.0
8520,29823228.025477707,20564738.575728007,5893508.575728007,7064561.475577455,0,0.0,0.0
8521,28694267.697907187,19557596.189978175,4886366.189978175,6295909.193942545,0,0.0,0.0
8522,27780186.715195633,22582855.122859534,7911625.122859534,8604790.45462385,0,0.0,0.0
8523,27604120.65514103,17458272.060780227,2787042.060780227,4693702.490470481,0,0.0,0.0
8524,26882418.56232939,16195089.60180354,1523859.6018035393,3729640.1166178077,0,0.0,0.0
8525,27482618.198362153,16215552.19356146,1544322.1935614608,3484426.1433619442,0,0.0,0.0
8526,28760081.528662413,17683928.767281987,3012698.767281987,3014299.3568817317,0,0.0,0.0
8527,31572638.398544136,20348462.457649734,5677232.457649734,5677232.457649734,0,0.0,0.0
8528,34698514.10373066,23568799.608412314,8897569.608412314,8897569.608412314,0,0.0,0.0
8529,37539759.053685166,26244568.824581344,11573338.824581344,11385420.898856854,0,0.0,0.0
8530,38296336.851683356,26914325.304664824,12243095.304664824,11883895.290647488,0,0.0,0.0
8531,38577030.027297534,27221375.323840864,12550145.323840864,12112420.995302116,0,0.0,0.0
8532,38589405.277525015,27343287.426220953,12672057.426220953,12203155.557628792,0,0.0,0.0
8533,38079207.461328484,27019905.31857746,12348675.318577461,11962474.497844988,0,0.0,0.0
8534,37899203.82165603,27264317.711061854,12593087.711061854,12144381.388353262,0,0.0,0.0
8535,39210417.83439491,28566205.423885837,13894975.423885837,13113327.124792792,0,0.0,0.0
8536,42724426.387625106,32581102.328770615,17909872.328770615,16101462.89096723,0,0.0,0.0
8537,44291020.56414923,34668601.145512775,19997371.145512775,17655109.229573064,0,0.0,0.0
8538,43948451.13739763,34227528.14747512,19556298.147475123,17326835.295732677,0,0.0,0.0
8539,42341918.65332119,32967110.269013353,18295880.269013353,16388753.987000942,0,0.0,0.0
8540,40045184.713375784,30977010.67634062,16305780.676340621,14907598.203429138,0,0.0,0.0
8541,37023936.123748854,28298225.07564936,13626995.075649358,12913879.497078357,0,0.0,0.0
8542,34426258.598726116,26705632.57295278,12034402.57295278,11728573.191340111,0,0.0,0.0
8543,31822393.44858963,25061640.670449696,10390410.670449696,10496602.569571508,0,0.0,0.0
8544,30940375.614194725,25179831.994742434,10508601.994742434,12190813.503190136,0,0.0,0.0
8545,30462803.457688805,25554982.290771957,10883752.290771957,12489248.684307182,0,0.0,0.0
8546,29566722.838944495,24720028.316066895,10048798.316066895,11825035.852003036,0,0.0,0.0
8547,29136964.149226572,26513450.90449479,11842220.904494788,13251718.439386018,0,0.0,0.0
8548,28721830.755232032,25308303.673292205,10637073.673292205,12293013.792146837,0,0.0,0.0
8549,28782581.983621474,25601156.14488867,10929926.14488867,12525980.369346583,0,0.0,0.0
8550,29427782.529572334,26905599.767434847,12234369.767434847,13563676.121880157,0,0.0,0.0
8551,30767684.62238399,29152673.30786799,14481443.307867989,15351241.815203568,0,0.0,0.0
8552,33930686.078252956,31639059.882303417,16967829.882303417,17329183.01776159,0,0.0,0.0
8553,37600510.282074615,34374036.75725093,19702806.757250927,19480696.373578124,0,0.0,0.0
8554,39992871.155595995,36869895.04631395,22198665.04631395,21403832.28886075,0,0.0,0.0
8555,41379461.69244768,38263345.20534372,23592115.205343723,22477528.683695905,0,0.0,0.0
8556,42028599.81801638,39330908.67592635,24659678.67592635,23300119.31759439,0,0.0,0.0
8557,41911597.4522293,38748416.67691416,24077186.676914163,22851291.237661388,0,0.0,0.0
8558,41725406.187443115,37735974.57942337,23064744.579423368,22071173.32457283,0,0.0,0.0
8559,42627674.43130118,38415398.57674032,23744168.576740317,22594690.50368143,0,0.0,0.0
8560,44899095.35941765,40352183.41905517,25680953.41905517,24087043.057010453,0,0.0,0.0
8561,46046618.56232939,41137960.44751975,26466730.44751975,24692508.532140296,0,0.0,0.0
8562,45286103.18471338,40143689.603349864,25472459.603349864,23926392.131092828,0,0.0,0.0
8563,43550193.084622376,38557653.738471396,23886423.738471396,23268570.063936852,0,0.0,0.0
8564,41337273.33939945,36091156.64792817,21419926.64792817,21419926.64792817,0,0.0,0.0
8565,38304212.01091901,33557491.7364516,18886261.736451603,18886261.736451603,0,0.0,0.0
8566,35254275.34121929,31165911.73411123,16494681.73411123,16952789.730070267,0,0.0,0.0
8567,32155962.693357594,28365914.24738753,13694684.247387528,14725368.438066505,0,0.0,0.0
8568,31214318.653321203,27909454.088069677,13238224.088069677,14860242.416689342,0,0.0,0.0
8569,30535367.424931757,27453410.11005558,12782180.11005558,14493874.687608393,0,0.0,0.0
8570,30389114.467697915,27827311.234709702,13156081.234709702,14794252.090982657,0,0.0,0.0
8571,30706370.88262056,28423902.88206892,13752672.88206892,15273530.269336123,0,0.0,0.0
8572,30268737.03366697,27988774.21087141,13317544.21087141,14923965.072096044,0,0.0,0.0
8573,30470116.105550494,28064842.811165053,13393612.811165053,14985075.582677297,0,0.0,0.0
8574,32055273.15741583,29737206.313657586,15065976.313657586,16328586.402125325,0,0.0,0.0
8575,35974852.41128298,33582695.789121725,18911465.789121725,19417900.84163524,0,0.0,0.0
8576,39325732.66606005,37021597.94165995,22350367.94165995,22160537.246292416,0,0.0,0.0
8577,42452170.88262055,40086130.794795275,25414900.794795275,24551396.340081103,0,0.0,0.0
8578,43948451.13739763,41641215.71276718,26969985.712767176,25764628.208012562,0,0.0,0.0
8579,44366959.59963603,42067945.177857876,27396715.177857876,26097550.082599703,0,0.0,0.0
8580,44330396.36032758,42705825.18382221,28034595.183822207,26595205.446759213,0,0.0,0.0
8581,43409565.241128296,41328525.653274566,26657295.653274566,25520676.549439102,0,0.0,0.0
8582,42436983.075523205,40234710.60244593,25563480.60244593,24667313.96971639,0,0.0,0.0
8583,42641737.21565059,40205431.15559655,25534201.155596547,24644470.999803577,0,0.0,0.0
8584,45665235.85077344,42890519.749723114,28219289.749723114,26739298.756774057,0,0.0,0.0
8585,46698569.24476797,43487400.31501566,28816170.31501566,27204967.5538879,0,0.0,0.0
8586,45308041.128298454,42123793.43761137,27452563.43761137,26141121.264930896,0,0.0,0.0
8587,43129997.08826206,40239683.15543577,25568453.15543577,24942390.351639763,0,0.0,0.0
8588,40603758.507734306,38244222.07696565,23572992.076965652,23572992.076965652,0,0.0,0.0
8589,37689387.07916287,35531053.41327673,20859823.413276732,20983134.44324453,0,0.0,0.0
8590,34653513.193812564,32435643.108990487,17764413.108990487,18496403.99962913,0,0.0,0.0
8591,31365071.701546863,28734836.029903002,14063606.029903002,15523321.685865777,0,0.0,0.0
8592,29867666.424021836,26945688.753649138,12274458.753649138,13242362.505027767,0,0.0,0.0
8593,29584723.202911735,26743199.616756584,12071969.616756584,13094562.07767998,0,0.0,0.0
8594,29407532.120109186,26725193.809985917,12053963.809985917,13081419.318634793,0,0.0,0.0
8595,28808457.50682439,26123833.48247731,11452603.482477311,12642475.705363644,0,0.0,0.0
8596,28082255.323020928,25020080.070928268,10348850.070928268,11836826.43243455,0,0.0,0.0
8597,28154819.290263873,24937716.838615227,10266486.838615227,11776708.042280752,0,0.0,0.0
8598,29925605.0955414,26613388.681257155,11942158.681257155,12999810.763927223,0,0.0,0.0
8599,31539450.227479525,28150935.913088523,13479705.913088523,14122093.872144848,0,0.0,0.0
8600,34529198.18016378,30925834.195312686,16254604.195312686,16140756.421872884,0,0.0,0.0
8601,38098895.35941765,34337109.951075405,19665879.951075405,18571981.627958216,0,0.0,0.0
8602,40061497.5432211,35930554.81757114,21259324.81757114,19707633.976610266,0,0.0,0.0
8603,41416024.93175613,37099859.042090684,22428629.042090684,20541000.173825946,0,0.0,0.0
8604,42620361.783439495,38533761.94535112,23862531.945351116,21562946.545530587,0,0.0,0.0
8605,42282854.95905367,38216854.22873585,23545624.22873585,21337085.582125213,0,0.0,0.0
8606,40393941.76524113,36202378.81754043,21531148.81754043,19901363.656548314,0,0.0,0.0
8607,38075269.881710656,34104748.746975966,19433518.746975966,18997414.632877205,0,0.0,0.0
8608,37050936.66969973,33071443.7491639,18400213.7491639,18400213.7491639,0,0.0,0.0
8609,35991727.75250227,33433992.834101193,18762762.834101193,18762762.834101193,0,0.0,0.0
8610,34691201.45586897,30463577.58319733,15792347.58319733,15807929.722140502,0,0.0,0.0
8611,33831121.56505914,29357843.419831507,14686613.419831507,15003037.156329611,0,0.0,0.0
8612,33033480.436760686,28400829.922526095,13729599.922526095,14304495.96024365,0,0.0,0.0
8613,31570950.864422195,27261878.524847135,12590648.524847135,13473155.050362492,0,0.0,0.0
8614,29873291.53776159,25923258.77754266,11252028.777542658,12496072.65599794,0,0.0,0.0
8615,27980440.764331207,23745241.105494082,9074011.105494082,10906298.76669235,0,0.0,0.0
8616,27678372.156505913,23567950.222604387,8896720.222604387,10152084.333678761,0,0.0,0.0
8617,27966940.491355773,23610469.866648074,8939239.866648074,10184866.424808096,0,0.0,0.0
8618,26808167.06096451,22400115.888879042,7728885.888879042,9251699.290172463,0,0.0,0.0
8619,25977900.272975437,21847661.24605258,7176431.246052582,8825763.964200495,0,0.0,0.0
8620,25681456.77888989,21616969.797192622,6945739.797192622,8647903.865195084,0,0.0,0.0
8621,25606642.76615105,21461766.523040548,6790536.523040548,8320609.919006765,0,0.0,0.0
8622,26386283.53048225,22394632.492877185,7723402.492877185,7726975.761904996,0,0.0,0.0
8623,27493868.425841678,23617318.963278186,8946088.963278186,8946088.963278186,0,0.0,0.0
8624,29904229.663330294,26033565.076873478,11362335.076873478,11362335.076873478,0,0.0,0.0
8625,33320923.748862606,29309414.598516036,14638184.598516036,14573430.139486814,0,0.0,0.0
8626,35787536.123748854,31598480.022705328,16927250.022705328,16292795.481724456,0,0.0,0.0
8627,36918183.98544131,32750868.69364041,18079638.69364041,17158378.929298844,0,0.0,0.0
8628,37702324.84076432,33684550.901337,19013320.901336998,17859687.337356236,0,0.0,0.0
8629,37649448.77161056,33398376.742593013,18727146.742593013,17644735.888092753,0,0.0,0.0
8630,37124063.14831665,32752372.95433132,18081142.95433132,17159508.81124555,0,0.0,0.0
8631,37596010.19108281,33030824.462843314,18359594.462843314,17368659.61496225,0,0.0,0.0
8632,39744241.128298454,35506263.189003,20835033.189003,19228013.877018455,0,0.0,0.0
8633,40526131.93812557,36179298.0338842,21508068.033884197,19733544.5508815,0,0.0,0.0
8634,39610925.93266605,35278726.2463446,20607496.246344604,19057106.07807509,0,0.0,0.0
8635,38494903.36669698,34491068.85872945,19819838.858729452,18465479.99368629,0,0.0,0.0
8636,36917621.47406732,33269722.055903066,18598492.055903066,17548100.63814594,0,0.0,0.0
8637,34522448.04367606,30845062.581322793,16173832.581322793,15726887.743456429,0,0.0,0.0
8638,32258902.274795264,29941138.637934163,15269908.637934163,15047931.39565714,0,0.0,0.0
8639,29724788.535031844,26001651.233008705,11330421.233008705,12028436.078830982,0,0.0,0.0
8640,29680350.136487715,25990409.440868787,11319179.440868787,13018889.664882282,0,0.0,0.0
8641,29543659.87261146,26099370.098351512,11428140.098351512,13109708.376377756,0,0.0,0.0
8642,29057087.534121927,26129787.307255633,11458557.307255633,13135061.120971825,0,0.0,0.0
8643,28811270.06369426,26182971.459102716,11511741.459102716,13179390.113236737,0,0.0,0.0
8644,28774144.313011825,26432119.562030345,11760889.562030345,13387055.064992515,0,0.0,0.0
8645,28308384.89535941,26136527.8791583,11465297.8791583,13140679.387868198,0,0.0,0.0
8646,29953168.152866244,27748156.08602352,13076926.08602352,14483971.549816296,0,0.0,0.0
8647,33458739.035486802,31425944.56130333,16754714.561303329,17549408.36154591,0,0.0,0.0
8648,37412068.97179253,35459956.2191421,20788726.2191421,20911757.207327366,0,0.0,0.0
8649,40411942.12920836,38394857.09178081,23723627.09178081,23311565.599485405,0,0.0,0.0
8650,42061787.98908098,40067067.04501896,25395837.045018964,24670008.58780296,0,0.0,0.0
8651,43012994.72247497,41250936.03722284,26579706.03722284,25631741.011672147,0,0.0,0.0
8652,43338126.296633296,41720665.43546842,27049435.43546842,26013332.214509856,0,0.0,0.0
8653,42974181.4376706,41480290.52606626,26809060.52606626,25818060.3172146,0,0.0,0.0
8654,42558485.53230209,41210488.31168919,26539258.31168919,25598882.739875488,0,0.0,0.0
8655,43132247.133757964,41781820.15094374,27110590.15094374,26063012.09727764,0,0.0,0.0
8656,45984179.79981801,44500039.09691694,29828809.096916936,28271195.02354163,0,0.0,0.0
8657,47437709.19017289,45955030.443189904,31283800.443189904,29453177.458570074,0,0.0,0.0
8658,46448814.19472247,45029814.22289496,30358584.22289496,28701565.207546517,0,0.0,0.0
8659,44679153.4121929,43558064.56781921,28886834.567819208,27505968.92753101,0,0.0,0.0
8660,42299730.30027298,41284353.93536805,26613123.935368054,26090394.59974709,0,0.0,0.0
8661,38569717.37943586,37389310.86621174,22718080.866211742,22718080.866211742,0,0.0,0.0
8662,35277338.30755232,33838420.5184907,19167190.518490702,19560207.148991715,0,0.0,0.0
8663,31708766.151046403,30013158.491378877,15341928.491378877,16371851.12709519,0,0.0,0.0
8664,30470116.105550494,28480671.888254344,13809441.888254344,14674699.594680246,0,0.0,0.0
8665,29822103.002729755,27408339.206728145,12737109.206728145,13826640.853517855,0,0.0,0.0
8666,29824353.04822565,27207852.909174114,12536622.909174114,13668085.43498674,0,0.0,0.0
8667,28933335.03184713,26890560.803390063,12219330.803390063,13417153.659384219,0,0.0,0.0
8668,28305572.338489536,24365601.21316474,9694371.21316474,11420278.912897166,0,0.0,0.0
8669,28969335.759781614,24777678.246043447,10106448.246043447,11746171.740548084,0,0.0,0.0
8670,30281112.283894453,25469523.628058597,10798293.628058597,12293320.5254902,0,0.0,0.0
8671,33420488.262056418,28252409.05800452,13581179.05800452,14494176.990258357,0,0.0,0.0
8672,36256108.098271154,30503738.635015033,15832508.635015033,16274650.30783349,0,0.0,0.0
8673,40051372.33848954,33347688.762250073,18676458.762250073,18514784.201656874,0,0.0,0.0
8674,41712468.42584168,35053671.28689183,20382441.286891833,19842865.99910305,0,0.0,0.0
8675,42223228.75341217,34887251.14755264,20216021.14755264,19713310.417734332,0,0.0,0.0
8676,42517984.71337579,35689848.4213633,21018618.4213633,20338120.352555726,0,0.0,0.0
8677,42277792.35668789,35957723.132175095,21286493.132175095,20546656.79550669,0,0.0,0.0
8678,41929035.30482256,36772819.24015802,22101589.24015802,21181196.88518823,0,0.0,0.0
8679,42877429.48134667,38545794.28698361,23874564.28698361,22561431.355942737,0,0.0,0.0
8680,45266415.28662421,41219638.31234806,26548408.31234806,24642978.80909873,0,0.0,0.0
8681,46642880.618744306,42779830.35017113,28108600.350171126,25857564.900118865,0,0.0,0.0
8682,45741174.886260234,42010384.52639847,27339154.526398472,25258562.871719997,0,0.0,0.0
8683,43528255.141037315,40035491.79317275,25364261.793172747,24536326.97285908,0,0.0,0.0
8684,40426567.424931765,36316021.010897055,21644791.010897055,21644791.010897055,0,0.0,0.0
8685,36865870.42766151,31906885.857415408,17235655.857415408,17384335.098378874,0,0.0,0.0
8686,33560553.59417652,27533592.140496768,12862362.140496768,13925697.65479667,0,0.0,0.0
8687,30147797.088262055,22754799.00067024,8083569.000670239,10146369.313643472,0,0.0,0.0
8688,28530014.376706094,20346670.759743176,5675440.759743176,6338386.568225546,0,0.0,0.0
8689,27448305.00454959,18989552.270291634,4318322.270291634,5225953.227361964,0,0.0,0.0
8690,26152841.310282066,16596228.429722106,1924998.429722106,3264139.8290276867,0,0.0,0.0
8691,25937961.96542311,15294114.839333087,622884.8393330872,2196794.138287212,0,0.0,0.0
8692,24927129.02638762,13923833.098184153,0.0,1686213.913952776,0,0.0,0.0
8693,24889440.764331203,13091036.861584242,0.0,1686213.913952776,0,0.0,0.0
8694,26149466.242038213,13707588.308178008,0.0,1686213.913952776,0,0.0,0.0
8695,28055254.77707006,14742798.013432436,71568.01343243569,1029171.239525053,0,0.0,0.0
8696,29950918.107370343,21996821.123595655,7325591.123595655,7325591.123595655,0,0.0,0.0
8697,33221359.235668793,18879412.559973158,4208182.559973158,4208182.559973158,0,0.0,0.0
8698,35612595.08644221,20778574.074433014,6107344.074433014,6107344.074433014,0,0.0,0.0
8699,36929996.72429482,22445816.37481883,7774586.374818832,7774586.374818832,0,0.0,0.0
8700,37439632.02911737,23937847.61802747,9266617.618027471,9266617.618027471,0,0.0,0.0
8701,37176376.70609645,23621877.088427976,8950647.088427976,8950647.088427976,0,0.0,0.0
8702,37041936.487716116,24197914.05587107,9526684.05587107,9493811.626661327,0,0.0,0.0
8703,38385776.160145596,27254232.463621214,12583002.463621214,11974003.85524314,0,0.0,0.0
8704,42169227.66151045,32444695.536542874,17773465.536542874,16186047.38564143,0,0.0,0.0
8705,44262894.995450415,35430767.008178875,20759537.008178875,18609234.459069848,0,0.0,0.0
8706,43200311.010009095,35984372.04651578,21313142.046515778,19058483.107478075,0,0.0,0.0
8707,41165707.37033667,34898728.30546418,20227498.30546418,18177486.82033181,0,0.0,0.0
8708,39648051.68334849,34212078.17866271,19540848.17866271,17620272.52488103,0,0.0,0.0
8709,36979497.72520472,31837295.4251143,17166065.4251143,15693144.214235988,0,0.0,0.0
8710,34250192.538671516,29866398.58701662,15195168.58701662,14093767.981448546,0,0.0,0.0
8711,31196318.28935396,27182770.910125703,12511540.910125703,11916013.042122193,0,0.0,0.0
8712,29959918.289353948,26432049.47908844,11760819.47908844,12147957.61680742,0,0.0,0.0
8713,28737018.56232938,24491626.176596742,9820396.176596742,10701495.315762367,0,0.0,0.0
8714,27612558.32575068,23119558.29316484,8448328.293164842,9678705.873216279,0,0.0,0.0
8715,27772874.06733393,22908694.167333238,8237464.167333238,9521520.06315795,0,0.0,0.0
8716,27586120.291173793,21931014.140282758,7259784.140282758,8792721.712923089,0,0.0,0.0
8717,27251426.023657862,21239007.070282936,6567777.070282936,8276874.403974545,0,0.0,0.0
8718,28152006.733393993,21444507.819925524,6773277.819925524,8430062.15780785,0,0.0,0.0
8719,28755018.92629663,21779931.60453888,7108701.60453888,8680099.280477963,0,0.0,0.0
8720,30507241.85623293,23236655.058366667,8565425.058366667,9765994.072765974,0,0.0,0.0
8721,34211941.765241124,26370375.03757886,11699145.037578858,12101983.238708036,0,0.0,0.0
8722,36926621.656050965,28408073.41092558,13736843.410925578,13618090.626861293,0,0.0,0.0
8723,38200709.91810737,29301449.178398862,14630219.178398862,14278391.739904813,0,0.0,0.0
8724,39169917.015468605,30266120.256149463,15594890.256149463,14991387.782053074,0,0.0,0.0
8725,39028164.14922657,33779139.584722646,19107909.584722646,17587888.22146046,0,0.0,0.0
8726,38815534.849863514,30982373.329042688,16311143.329042688,15520776.107180651,0,0.0,0.0
8727,39736928.480436765,32549104.884677056,17877874.884677056,16678759.82208673,0,0.0,0.0
8728,42699675.88717016,35935241.04439391,21264011.044393912,19181479.905374445,0,0.0,0.0
8729,44073328.66242037,37036924.347175874,22365694.347175874,19995742.769371543,0,0.0,0.0
8730,42897679.89080982,35646150.99137861,20974920.991378613,18967811.155083977,0,0.0,0.0
8731,40782074.61328481,33765073.096014515,19093843.096014515,18280727.10505963,0,0.0,0.0
8732,38085957.5978162,31125858.416083515,16454628.416083515,16454628.416083515,0,0.0,0.0
8733,35245275.15923566,28403967.008628078,13732737.008628078,13732737.008628078,0,0.0,0.0
8734,32451281.164695174,25703345.615925983,11032115.615925983,11604755.1798253,0,0.0,0.0
8735,29369843.858052775,22666329.707863465,7995099.707863465,9340852.755521504,0,0.0,0.0
8736,28146381.619654223,21580137.475164454,6908907.475164454,7870587.238581012,0,0.0,0.0
8737,27952877.70700637,20834391.429909445,6163161.429909445,7282192.28757305,0,0.0,0.0
8738,27477555.595996358,20923746.522427265,6252516.522427265,7352693.613887631,0,0.0,0.0
8739,26903231.483166516,20204307.26856572,5533077.268565722,6785054.767899089,0,0.0,0.0
8740,26217530.11828935,19417527.39432038,4746297.39432038,6164284.053114631,0,0.0,0.0
8741,26719290.263876244,20114579.597327482,5443349.597327482,6714259.476313966,0,0.0,0.0
8742,28428199.81801638,21621823.99650385,6950593.996503849,7903477.977777352,0,0.0,0.0
8743,30577555.777979977,23621678.399689168,8950448.399689168,9481366.645202886,0,0.0,0.0
8744,33432863.5122839,25752327.236413773,11081097.236413773,11162452.352430552,0,0.0,0.0
8745,36611052.77525023,28836465.805345036,14165235.805345036,13466990.3157715,0,0.0,0.0
8746,38755346.13284805,30679955.158253714,16008725.158253714,14833470.019380031,0,0.0,0.0
8747,39010726.2966333,30999401.103119966,16328171.103119966,15070258.151283829,0,0.0,0.0
8748,39592363.05732484,31187939.500216696,16516709.500216696,15210011.544801982,0,0.0,0.0
8749,39510236.39672429,30303856.526335716,15632626.526335716,14554688.291533332,0,0.0,0.0
8750,39369046.04185623,29679693.734190974,15008463.734190974,14092029.91714798,0,0.0,0.0
8751,39897244.222020015,29738366.372408494,15067136.372408494,14135520.794464365,0,0.0,0.0
8752,42680550.500454955,32064440.346396066,17393210.346396066,15859714.573794266,0,0.0,0.0
8753,43884324.84076433,32658731.165653355,17987501.165653355,16370341.886337077,0,0.0,0.0
8754,42053912.82984532,35488240.15217088,20817010.15217088,20726452.66556054,0,0.0,0.0
8755,38818909.91810737,27418258.999137253,12747028.999137253,12747028.999137253,0,0.0,0.0
8756,35560281.52866241,23927904.918653324,9256674.918653324,9722979.9112332,0,0.0,0.0
8757,32553095.72338489,20724282.644630186,6053052.644630186,7195316.260898601,0,0.0,0.0
8758,30573618.19836214,18674576.133125097,4003346.1331250966,5578094.191681545,0,0.0,0.0
8759,29202215.468607824,17111986.32197086,2440756.3219708614,4345208.06210744,0,0.0,0.0
